Feature	Gain	Cover	Frequency
ctrx_quarter	0.134857835640391	0.0268078147864116	0.0187950998489679
V16	0.094260847170223	0.00458925447504472	0.00285282765564692
V133i	0.0340350245051273	0.000893458225200664	0.000419533478771606
V48	0.0286691099218827	0.000675702255180181	0.00067125356603457
V135	0.0257234393690043	0.00435959129180672	0.00260110756838396
V168	0.0135567484375655	0.0107633718673077	0.00218157408961235
V168i	0.0129137637682039	0.0168463209808317	0.00251720087262964
mcuentas_saldo	0.0109164324320965	0.0137634520083088	0.0168652458466186
V101b	0.0108717630239864	0.00246438927502221	0.00251720087262964
mactivos_margen	0.00966948877196813	0.00814994183385184	0.00495049504950495
mprestamos_personales	0.00811236050282887	0.00821867576747205	0.00318845443866421
mvr_msaldototal	0.00807931018253502	0.00400273863764342	0.00302064104715556
V138	0.0079453942979885	0.00497691022323907	0.00226548078536667
V6	0.0074445829772436	0.012124378106206	0.00839066957543212
V30	0.00738996532788	0.0026583013982695	0.0011746937405605
V29	0.00691557098108035	0.00200892767114712	0.00167813391508642
V153	0.00674692740487331	0.0069420818278456	0.00201376069810371
mv_status01	0.00663099301355159	0.00509272739618571	0.00167813391508642
V179	0.00588834672194956	0.010844777942937	0.00302064104715556
mtarjeta_visa_consumo	0.00577274364272034	0.00674164106410774	0.00696425574760866
Master_fechaalta	0.00560960104750821	0.0118929550518321	0.0123342842758852
V106	0.00541859077124797	0.000303658008232624	0.000755160261788891
V36b	0.00541405964327296	0.0010031024762906	0.00184594730659507
mrentabilidad_annual	0.00525203552002621	0.0027243580811191	0.00318845443866421
V163	0.00517121457988603	0.0047564663041432	0.00528612183252224
V58	0.00502772719217674	0.000662973947070972	0.00167813391508642
mv_msaldototal	0.0048037763777174	0.00154726372507719	0.00285282765564692
ccallcenter_transacciones	0.00471148438608908	0.00349580481490686	0.00176204061084075
cproductos	0.00457065696201703	0.00697623884042444	0.00268501426413828
Visa_status	0.004554079625114	0.00267710901806861	0.00067125356603457
cliente_edad	0.00427838729856843	0.0102494841464657	0.00721597583487162
thomebanking	0.00423924192964163	0.00218889187954055	0.00209766739385803
mcaja_ahorro	0.00418260923869675	0.00126557468570547	0.00251720087262964
canarito44	0.00409183981312548	0.00153545547117886	0.00369189461319013
canarito51	0.00404203443261501	0.00544781483006069	0.00805504279241483
mcuenta_debitos_automaticos	0.00398142083813479	0.00649357144749979	0.00369189461319013
tcallcenter	0.00384737814259767	0.00241716963230986	0.0011746937405605
canarito53	0.00373733487993464	0.00455244160830483	0.00511830844101359
V127i	0.00369393184836829	0.0020749442353538	0.00360798791743581
canarito101	0.00369236643759148	0.00319085231179614	0.00427924148347038
chomebanking_transacciones	0.00367783787549137	0.00518378601730068	0.00453096157073335
ccajas_otras	0.00361597326859394	0.0160870515924571	0.00251720087262964
canarito62	0.00344803160848268	0.00311460549364583	0.00478268165799631
canarito67	0.00332553356885459	0.00455032869311124	0.00503440174525927
mv_status06	0.00332467912583666	0.000106220793561093	0.000251720087262964
V102	0.00316076678681255	0.00323009904287295	0.00335626783017285
ctarjeta_visa_transacciones	0.00314900631486985	0.00361448645895772	0.00612518879006545
canarito34	0.00314462257324183	0.00263399752439088	0.0043631481792247
V126i	0.00309860938395744	0.000805143719261163	0.000755160261788891
canarito18	0.00307246407270636	0.00441630033085684	0.00562174861553952
canarito69	0.00306683047026128	0.00350099616730022	0.00461486826648767
V159	0.00302412922136916	0.00265958786941902	0.00176204061084075
canarito83	0.00291545770853539	0.0106716205309584	0.00998489679476422
mv_fechaalta	0.00289692848338137	0.00745962569434539	0.00620909548581977
numero_de_cliente	0.00286936271914186	0.00798163342851366	0.00604128209431113
V142	0.00278758608718722	0.0018201507341931	0.00285282765564692
V102b	0.002749660498723	0.000985998561527336	0.00209766739385803
canarito66	0.00273963085122481	0.00274430239580084	0.00469877496224199
mvr_msaldopesos2	0.00273242712563929	0.00457094967557016	0.00268501426413828
V153i	0.00271675546402805	0.000429619848684675	0.000419533478771606
canarito93	0.00265691960392016	0.00206716389320426	0.00335626783017285
V158	0.00262198857061346	0.000294470839004817	0.000419533478771606
Visa_fechaalta	0.00257636406918783	0.00266144135072174	0.00419533478771606
canarito89	0.00254476303578817	0.00223477958330809	0.00352408122168149
V148i	0.00253693103880827	0.00201202483038025	0.00495049504950495
canarito22	0.0025276390422949	0.00198854205139331	0.00344017452592717
mv_status02	0.00252095812247943	0.00337772762507594	0.000922973653297533
canarito21	0.00250896115439361	0.00167917649756181	0.00344017452592717
Master_mlimitecompra	0.00250478727910716	0.00378845694209948	0.00369189461319013
V163i	0.00249607559230445	0.00205422429357569	0.00260110756838396
V15	0.00246883865477846	0.00208214954362155	0.00335626783017285
canarito71	0.00246094485875653	0.00344546929092802	0.00478268165799631
canarito52	0.00243463153361883	0.00232421206209686	0.00369189461319013
canarito56	0.00240867717671753	0.00399402486840203	0.00327236113441853
canarito92	0.00240255266888065	0.00185232856038807	0.00352408122168149
V127	0.00239119817570881	0.00312872458137614	0.00293673435140124
mv_msaldopesos	0.00238334078038864	0.00226617910783049	0.00344017452592717
canarito6	0.00236252951736728	0.0023896749890313	0.00352408122168149
canarito72	0.00235830381953662	0.00149467085879026	0.00335626783017285
canarito27	0.00235705382805166	0.00256311590608656	0.00344017452592717
canarito45	0.0023324581473959	0.00293527515981047	0.00360798791743581
canarito47	0.00232539339625328	0.0028133465802596	0.00402752139620742
canarito86	0.00231363528038787	0.00306522479336839	0.00369189461319013
canarito60	0.00230184156957739	0.00143281860971828	0.00293673435140124
canarito87	0.00229141947461353	0.00267722135026878	0.00444705487497902
mpasivos_margen	0.00229049777803516	0.0015238986274428	0.00251720087262964
canarito1	0.00228392114890222	0.00220161216392118	0.00344017452592717
canarito13	0.00226660481268579	0.00293280920055923	0.00402752139620742
canarito73	0.00224848644162272	0.00244793528227418	0.00427924148347038
canarito37	0.00223997677657299	0.00185008191638477	0.00285282765564692
canarito48	0.00223423468480456	0.00292223927543891	0.00318845443866421
Visa_mconsumospesos	0.00223355341486477	0.00400511901045645	0.00268501426413828
canarito100	0.0021981649021589	0.00145203276509894	0.00318845443866421
canarito31	0.00219687572078433	0.00177101342034935	0.00302064104715556
canarito32	0.00216115178284326	0.00285131753849167	0.00344017452592717
mplazo_fijo_dolares	0.00215302041392897	0.0154296461130229	0.00251720087262964
ccuenta_debitos_automaticos	0.00215008498080201	0.00238727589418491	0.00201376069810371
ccaja_seguridad	0.00213326512113677	0.00443931238443357	0.0015942272193321
canarito50	0.00211824477292024	0.00162506447199645	0.00327236113441853
canarito96	0.00210072753052677	0.00174221893304031	0.00285282765564692
canarito16	0.00209477958586908	0.00281639827169742	0.0039436147004531
V83b	0.0020799578302555	0.00191964764320144	0.00251720087262964
canarito80	0.00206457134884049	0.00612483565130472	0.00704816244336298
canarito99	0.00205812694956174	0.00510645599579163	0.00335626783017285
canarito42	0.0020490008882029	0.00266397684895405	0.00293673435140124
canarito14	0.00203188954147014	0.00214869834849092	0.0027689209598926
canarito54	0.00201396172657105	0.00155243100628479	0.00293673435140124
canarito94	0.00200711805063264	0.00110480591065933	0.00285282765564692
V13	0.00200115063518949	0.00162589359061672	0.00209766739385803
V69	0.0019870396074681	0.00551097762146794	0.00453096157073335
canarito85	0.0019761507256564	0.00336374761530775	0.00318845443866421
canarito9	0.00196132237848862	0.00216032205663184	0.00318845443866421
canarito40	0.00196092652169083	0.0021269754406399	0.00327236113441853
V164i	0.00194818458149329	0.00289713035412576	0.00402752139620742
canarito29	0.00194021525478205	0.00151977443095102	0.00293673435140124
V105c	0.00192084260878727	0.00850497845077913	0.00469877496224199
canarito10	0.00189719716899235	0.00164612675952745	0.00243329417687531
V52	0.00189669929448646	0.00172517385895331	0.00151032052357778
canarito58	0.00189563350290113	0.00145306515150998	0.00335626783017285
canarito106	0.0018944047314498	0.00198293079053743	0.00302064104715556
canarito19	0.00189270973979761	0.00593607743638406	0.00545393522403088
canarito75	0.00189218732046914	0.00214628588076356	0.00260110756838396
canarito26	0.00188819047422304	0.0014593744767526	0.0027689209598926
canarito2	0.00188078942017255	0.00197057692309544	0.0027689209598926
canarito55	0.00187201472295044	0.00194187872052939	0.00335626783017285
canarito98	0.00187143181333467	0.00466976456764893	0.00629300218157409
canarito3	0.00185176571785986	0.00313162917112327	0.00327236113441853
Master_status	0.00185078957607811	0.00401853201007143	0.000839066957543212
mv_fultimo_cierre	0.00184773574948588	0.00732796433202304	0.0027689209598926
canarito61	0.00184764939721974	0.000822124603519488	0.00243329417687531
canarito91	0.00184038351843863	0.00835912311259304	0.00704816244336298
V78	0.00183492650955723	0.0001492975177483	0.000335626783017285
V89b	0.00183031305440102	0.000781840136879247	0.00184594730659507
canarito24	0.00182805465080869	0.00140654892233676	0.0027689209598926
canarito15	0.00182545202466949	0.00115490072278068	0.00302064104715556
canarito105	0.00182467969926789	0.00547190473784377	0.00771941600939755
V5	0.00181645276165669	0.00263768309038678	0.00344017452592717
canarito36	0.00181181386914647	0.00247305222731591	0.00268501426413828
canarito35	0.00180827889335025	0.00310115237538794	0.00369189461319013
canarito41	0.00179226098349157	0.00145475815824104	0.00218157408961235
canarito70	0.00178902023669673	0.0010709778709524	0.00251720087262964
ccaja_ahorro	0.0017868812424486	0.00860748693258238	0.00243329417687531
Visa_Fvencimiento	0.00178500316587411	0.000967458399347669	0.00209766739385803
canarito12	0.00177337933182054	0.00148583673362012	0.00251720087262964
canarito20	0.00176476809617892	0.00140161700383426	0.00260110756838396
canarito65	0.00175653103876565	0.00194720112715627	0.00327236113441853
canarito57	0.00174871738153859	0.00123886904240426	0.00251720087262964
canarito46	0.00174132890905117	0.00130343866088977	0.00260110756838396
canarito64	0.0017250628291824	0.00157826206317043	0.00285282765564692
V119	0.00172410611309496	0.000853590992446751	0.000335626783017285
canarito74	0.00170317913785692	0.000919457780386547	0.00234938748112099
canarito43	0.00169534085623326	0.00105601361714467	0.00209766739385803
canarito107	0.00169450537292801	0.00256659820429168	0.00352408122168149
V45b	0.00168943994991434	0.012546188192403	0.0130055378419198
canarito81	0.00168508216742905	0.00161804103490993	0.00285282765564692
canarito103	0.00167458688700138	0.00237798174190932	0.00285282765564692
canarito90	0.00166706448823031	0.00195351580155128	0.00285282765564692
V11	0.00165722224707333	0.00366067104068284	0.00234938748112099
canarito8	0.00164154415923715	0.00446733391922243	0.00537002852827656
mtransferencias_emitidas	0.00163515443447683	0.00439490907045393	0.00243329417687531
Visa_msaldototal	0.00162223714601195	0.00136174442192796	0.00377580130894445
V52b	0.0016198524458953	0.00223131333256013	0.00268501426413828
Visa_mconsumototal	0.00161617771896744	0.000442457814417855	0.000755160261788891
canarito77	0.00161213282253056	0.00107290891496477	0.00251720087262964
V10	0.00160922270504092	0.00349830286907245	0.00243329417687531
canarito102	0.00160917259704967	0.00302978933336862	0.00285282765564692
V87c	0.00160367154353976	0.00190031045731583	0.00209766739385803
canarito68	0.0015780432590153	0.00211394223084453	0.00234938748112099
canarito63	0.00157641821290773	0.00179499099593226	0.00302064104715556
mtarjeta_master_consumo	0.00157028544160328	0.00885905489485262	0.00176204061084075
canarito79	0.00156024601825411	0.00256615422464341	0.00360798791743581
mrentabilidad	0.00154882330207034	0.00133613802944266	0.00125860043631482
canarito49	0.00154408968081034	0.00124326872024407	0.00201376069810371
canarito84	0.00153084591939968	0.00109647460581374	0.00268501426413828
canarito95	0.00151039157141802	0.00165234247460327	0.0027689209598926
canarito17	0.00150112786823939	0.00116567124111558	0.00226548078536667
canarito4	0.00148249196726379	0.00229048030713292	0.00234938748112099
canarito5	0.00148025220589943	0.00732534859650491	0.00629300218157409
V110c	0.00147994720242461	0.00166971919613837	0.00260110756838396
canarito59	0.00147755988334089	0.000701862284937729	0.00209766739385803
V128i	0.00147509410635182	0.000578775613894672	0.00151032052357778
canarito104	0.00147426459148801	0.00103936438033445	0.00268501426413828
V60b	0.00146802338707945	0.00285952313825613	0.00192985400234939
canarito88	0.00146209430677966	0.00189319875921489	0.00243329417687531
canarito7	0.00145569504778925	0.00144157784675498	0.00218157408961235
cliente_antiguedad	0.0014484376422519	0.00327056538069441	0.00444705487497902
canarito78	0.0014309515047114	0.00145974089369123	0.0027689209598926
canarito11	0.00141873027606074	0.00085867001263994	0.00243329417687531
V131	0.00140248179849426	0.00334683359545428	0.00251720087262964
mvr_msaldopesos	0.00139397509159148	0.000727016674046179	0.00167813391508642
canarito23	0.00136743158858846	0.000959480138559736	0.00209766739385803
mv_mfinanciacion_limite	0.00135273585168731	0.000765442310231303	0.00167813391508642
V91	0.00133962297296	0.00106947208455495	0.00176204061084075
V164	0.00132795601743274	0.00291519176716663	0.00302064104715556
mv_Fvencimiento	0.0013241747629291	0.00202709071808338	0.00251720087262964
canarito33	0.00132371158430556	0.00181204676832403	0.00243329417687531
V105d	0.00131667749607264	0.00342889761682744	0.00218157408961235
V103b	0.00131459707914133	0.00122518858516984	0.00125860043631482
V166i	0.00131010868867591	0.00360110822883327	0.000587346870280248
canarito76	0.00129848200591404	0.00068472092610774	0.0015942272193321
canarito38	0.00128581071825319	0.00264110119876324	0.00243329417687531
V146	0.00126664765337512	0.00716857563829323	0.00167813391508642
canarito97	0.00126355265830178	0.00207084678462396	0.00209766739385803
V111b	0.00126171750197827	0.00269273924134876	0.00176204061084075
canarito82	0.00125022177900884	0.00095320290823145	0.00192985400234939
V37b	0.00124216516378515	0.00191438407725083	0.0027689209598926
V45	0.00122949473585019	0.0132760800358582	0.0127538177546568
mautoservicio	0.00122743038944605	0.00227278531103069	0.00134250713206914
Visa_mpagominimo	0.00122120103940137	0.00297497121968795	0.00511830844101359
V138i	0.00121660666936031	0.00344579024007135	0.00192985400234939
ctarjeta_debito_transacciones	0.0012122213699108	0.00518167845125948	0.00184594730659507
V162i	0.00120651368145837	0.000629472205659761	8.39066957543212e-05
V112	0.00120452166014107	0.00105493308836212	0.00151032052357778
Visa_mpagospesos	0.0012044437576199	0.00176181020366438	0.00251720087262964
V50b	0.00119338056044289	0.000962047731706372	0.0015942272193321
canarito28	0.00119301880705168	0.000878437805292843	0.00218157408961235
canarito39	0.00115505973974814	0.00113475314030817	0.00218157408961235
V50	0.00114992997370939	0.000753171354651339	0.00176204061084075
V8	0.00113655830222931	0.00252013546664235	0.00192985400234939
V82	0.00113609843405407	0.00269406583114119	0.00151032052357778
V65	0.00112275936552892	0.000570099288719997	0.00109078704480618
tpaquete4	0.00112267724795363	0.00773247793397077	0.00167813391508642
V131i	0.00111997602489869	0.000693397251282414	0.000839066957543212
V128	0.00111282703499452	0.000840579179260934	0.00125860043631482
V2	0.00110828392132543	0.00435106474289893	0.00192985400234939
V92	0.00108574608709034	0.00552084145847293	0.00738378922638027
V181	0.00104957237526313	0.00228979829020335	0.000503440174525927
V104b	0.00104228634965895	0.00068553934642323	0.00100688034905185
cinversion2	0.00103966436336573	0.00885427275261701	0.00151032052357778
V54	0.00102995069477845	0.000872120456321641	0.00134250713206914
Visa_cconsumos	0.00102906417728858	0.000821220596765776	0.00167813391508642
V106b	0.00102657941708992	0.000611761162100361	0.000922973653297533
V140	0.00101715223804558	0.000614957280652684	0.000419533478771606
mv_status04	0.00101591213861651	0.00013063432506369	0.000251720087262964
V87d	0.00101360518342739	0.000710083932159354	0.00243329417687531
V83	0.00101275374711337	0.000644294706929195	0.00151032052357778
V126	0.00100316786274067	0.000840458823332186	0.00142641382782346
V162	0.00099162464414321	0.000601239379351542	0.000419533478771606
V28	0.000987609378507113	0.00010063092931477	0.000251720087262964
V62b	0.000982182325626289	0.00110862520546496	0.0015942272193321
V111	0.000979811648481076	0.000714694901518521	0.00142641382782346
V34b	0.000952255709900742	0.00102209731642332	0.0015942272193321
V143i	0.000948638599719834	0.00118786754895301	0.000251720087262964
canarito25	0.000933001987365765	0.000932231556291062	0.00176204061084075
V84b	0.000928283681702916	0.000919489875300881	0.00285282765564692
ccomisiones_mantenimiento	0.00090742527380605	0.00445194173322358	0.000839066957543212
V143	0.00089106024150259	0.000830188450745641	0.000587346870280248
V61b	0.000889432874128683	0.000937610129018025	0.0011746937405605
V70	0.000877259294702341	0.00736907524270736	0.00151032052357778
Visa_mlimitecompra	0.000877019586019241	0.000925654773429001	0.00167813391508642
V51	0.000876751148037232	0.000572051729341919	0.0015942272193321
canarito30	0.000872021515749248	0.000885466591531759	0.00151032052357778
V148	0.000871956053632902	0.00188846475935078	0.00310454774290988
V91b	0.000871493601851152	0.000775335567574435	0.0011746937405605
V86b	0.000866995391750473	0.000765744537341272	0.00184594730659507
V57	0.000815999303030387	0.000546394519908919	0.000839066957543212
V112b	0.000811951661629625	0.000998951534036876	0.00109078704480618
V100d	0.000801592267198884	0.00385901226210808	0.00360798791743581
V11b	0.000794550070237465	0.000614168280675332	0.00100688034905185
V101	0.000791601055072202	0.000402360568111223	0.000839066957543212
ccomisiones_otras	0.000775277204920446	0.000959482813135931	0.00142641382782346
mcomisiones_otras	0.000774383498880414	0.000773976882867674	0.000839066957543212
V59b	0.000773770731716106	0.00201795704037946	0.000839066957543212
V47	0.000768138866019158	0.00070506910179483	0.0011746937405605
mvr_mconsumospesos	0.000758824117552573	0.00132456781282563	0.00176204061084075
V54b	0.000744874673305195	0.000641962476487667	0.00142641382782346
Master_msaldototal	0.000739265128331725	0.000940838342484681	0.00109078704480618
V51b	0.0007354804955951	0.000727019348622374	0.0015942272193321
V92b	0.000732017170006994	0.000861301795615242	0.00201376069810371
V104	0.000731300647502431	0.000953248376026755	0.0011746937405605
V88b	0.000710459193916842	0.000441505665292644	0.00134250713206914
V53b	0.000704591421377249	0.000786641001148217	0.000755160261788891
V158i	0.000700793522865285	0.000350709152644728	0.00109078704480618
V53	0.000695089671104302	0.000518509388505975	0.00134250713206914
V108	0.000694658910849918	0.000273777642988647	0.000503440174525927
V84	0.000689278828502507	0.00323324434447758	0.00251720087262964
ctarjeta_visa_debitos_automaticos	0.000683460306955645	0.00237413570134176	0.000922973653297533
V97b	0.000674245442761449	0.000592752949086671	0.00167813391508642
V108b	0.000671312278401888	0.000809091393724116	0.00109078704480618
V100c	0.000668887313068601	0.00242973211669501	0.00260110756838396
ctransferencias_emitidas	0.000658040951445141	0.000768742737255209	0.0011746937405605
mdescubierto_preacordado	0.000657407699855431	0.00294433929853334	0.000755160261788891
V49	0.000652355060425723	0.000496203423044574	0.00109078704480618
V95b	0.000651895705108362	0.000244183457397473	0.000755160261788891
V14	0.000637636271415695	0.000769844662647306	0.00176204061084075
V94c	0.000635947493009365	0.00321321176878143	0.00427924148347038
V75b	0.00062937821273246	0.000389372826111156	0.000755160261788891
mvr_mpagospesos	0.000628061424324293	0.000905571380785158	0.00142641382782346
Master_msaldopesos	0.00062277165365061	0.000670805106168211	0.000922973653297533
V103	0.000612242912536918	0.000956043308149916	0.000755160261788891
V181i	0.000600339927958241	0.00203671384323087	0.00109078704480618
V173	0.000598983159868512	0.000307661848795659	0.00067125356603457
V85	0.000595012369056374	0.00046182709521779	0.000922973653297533
V63	0.000593627063799389	0.000614192351861082	0.000587346870280248
V58b	0.000591065969787995	0.000695309573261419	0.00192985400234939
V179i	0.000582414705221341	0.00116211672935321	0.000503440174525927
mv_mpagospesos	0.000581501345117033	0.00153592887116527	0.00268501426413828
V80b	0.000578921633616211	0.000886408042352192	0.000755160261788891
V37	0.000568874891416899	0.000576988996996804	0.00142641382782346
V113	0.000566837855228744	0.000805050109094358	0.00100688034905185
V93b	0.000565024832620367	0.000869579608936949	0.00251720087262964
V69b	0.000564801113936849	0.00315179547562914	0.00402752139620742
V89	0.000563568105340623	0.000950961613380532	0.00125860043631482
V85b	0.00056220387616917	0.000443091688975931	0.00109078704480618
V62	0.000549197285909666	0.000611330555333061	0.00100688034905185
V9	0.000549169214348252	0.000805215932818412	0.00176204061084075
V107b	0.000546660357184089	0.000540499753976434	0.000587346870280248
V67	0.000540779475017441	0.000970020643341916	0.00109078704480618
mvr_mpagosdolares	0.000539196307207416	0.000896373513252573	0.000587346870280248
mv_cconsumos	0.000533340271744824	0.0012996915796414	0.00142641382782346
V149	0.000530939985407353	0.000914563305950773	0.00109078704480618
V115c	0.000527660206177598	0.00134538938849913	0.00176204061084075
V12	0.000510901267959918	0.000685673075232951	0.00109078704480618
V25	0.000509861870868503	0.000371407697813287	0.00067125356603457
mforex_sell	0.000508676282283042	0.00112235380507087	0.00067125356603457
V93	0.000507442179652453	0.00315270483153524	0.0067125356603457
V146i	0.000503394097556108	0.00286589665332741	0.00125860043631482
V38	0.000497919537265792	0.00100720795074903	0.000755160261788891
V96b	0.000497368292170019	0.000253691575768609	0.000503440174525927
mvr_Master_mlimitecompra	0.000493667135455217	0.000817984359570537	0.00100688034905185
V72	0.000487441839461943	0.00193123658185183	0.000503440174525927
V39b	0.000476817514800627	0.000825569457657891	0.00134250713206914
cpagomiscuentas	0.000474044631954048	0.000723347155507445	0.000839066957543212
V105	0.00046124847017142	0.00074918356154547	0.000839066957543212
V72b	0.000455393523638407	0.000330093519338197	0.000335626783017285
V90	0.000450544077444857	0.00014365416197809	0.000587346870280248
Visa_msaldopesos	0.000445773870345586	0.00108331034178484	0.00268501426413828
V55	0.000444373334766273	0.000298284784658049	0.000755160261788891
V81b	0.000441285992547496	0.00105000919358821	0.000755160261788891
mv_mlimitecompra	0.000440726001109473	0.000197798282457777	0.00067125356603457
V159i	0.000428707097671452	0.000611894890910082	0.00125860043631482
V94b	0.000427554113610003	0.000276642114092863	0.000839066957543212
V70b	0.000422318692926355	0.000535476899883328	0.000839066957543212
V55b	0.000421476429318162	0.000303176584517629	0.000839066957543212
V174	0.00041856207071554	0.00141878243385	0.00469877496224199
mvr_Visa_mlimitecompra	0.000412935851898703	0.000180801350742285	0.000503440174525927
V160	0.000411082885398895	0.000370089131749441	0.000503440174525927
mcomisiones	0.000409010484014475	0.000414067188114166	0.000503440174525927
V46b	0.000404080119725921	0.000189833394550816	0.000755160261788891
V33	0.000403773074022498	0.000613523707812479	0.00100688034905185
V34	0.000403713098071053	0.000440673872096182	0.00067125356603457
V61	0.000402018107378133	0.000200159933237443	0.000587346870280248
V56b	0.000399613763737258	0.000245376318380181	0.000503440174525927
mv_mpagosdolares	0.00039318099886066	0.00382076314795179	0.000839066957543212
mvr_mconsumototal	0.000392917625255027	0.000230818600153994	0.00067125356603457
V63b	0.000390539713786427	0.000240730579530486	0.000587346870280248
V38b	0.000387225907456605	0.000271801131180976	0.000419533478771606
V9b	0.000380460819817068	0.000830632430393914	0.00109078704480618
V97	0.000379340705389765	0.000593993952440879	0.000839066957543212
mcuenta_corriente	0.000377394885972427	0.000425102489492312	0.00067125356603457
V116d	0.00037641105526096	0.000457077047896514	0.00134250713206914
V107	0.00036999848705342	0.000140861904431123	0.000503440174525927
V80	0.000367779291229556	0.00126737467548431	0.00100688034905185
V46	0.00035898394998809	0.000662460428441644	0.000587346870280248
V88	0.000357456281440105	0.000815395369814346	0.0011746937405605
mvr_mpagado	0.000356682402882835	0.000890411882915228	0.000503440174525927
V113b	0.000356655523314494	0.00158645161547772	0.00109078704480618
mcomisiones_mantenimiento	0.00035515508823105	0.000257093636687902	0.000251720087262964
V60	0.000352192981695973	0.000324602614411068	0.000755160261788891
V99b	0.000346182256589097	0.000728412802819662	0.000922973653297533
ccheques_depositados	0.000344919981129372	0.00431598232695682	0.00067125356603457
V176	0.000344169208830751	0.00303992597714545	0.000587346870280248
V109b	0.000344020720995601	0.0015785642902804	0.00109078704480618
V90b	0.000338840058970207	0.000335814437818045	0.000503440174525927
V66	0.000337025768859866	0.000956166338654859	0.000922973653297533
mvr_msaldodolares2	0.00033534603572139	0.000127868813278667	0.000503440174525927
V42	0.000333219581274156	0.00945612193534088	0.00520221513676791
V49b	0.000324792095133861	0.0013007908304573	0.00109078704480618
V33b	0.000321971961866027	0.000210831492253149	0.000839066957543212
V115b	0.000321415046620642	0.000686304275214832	0.00067125356603457
V73	0.000312025016896099	0.00431969196413847	0.000587346870280248
V152i	0.000304743766826691	0.000519619337626656	0.000251720087262964
V94d	0.000304706983837538	0.00115446476686099	0.00251720087262964
cseguro_vida	0.000302909274523313	0.00091270715007185	0.000419533478771606
Master_mconsumototal	0.000292658536264034	0.000158321537828248	0.000419533478771606
V115	0.000285444896796738	0.000189322550497684	0.000419533478771606
ctarjeta_master_transacciones	0.000277490704010554	8.24973027166537e-05	0.000167813391508642
Master_mconsumospesos	0.000274515767234646	0.00039160609723349	0.000503440174525927
V136i	0.000272650897578946	0.00334001342615853	0.00100688034905185
minversion2	0.000268083914552737	0.00114837208229012	0.000251720087262964
V74	0.000266031189676373	0.000285655435868033	0.000335626783017285
V117	0.000265589978525257	0.00156132397213122	0.0011746937405605
V86	0.000262669357922185	0.000675814587380346	0.00067125356603457
V96	0.000258818349986837	0.00071021498639288	0.000839066957543212
V71	0.00025534956301169	0.000135058074089248	0.000251720087262964
V167i	0.000251964234877769	0.000181141021918976	8.39066957543212e-05
V147i	0.000251914112090273	0.000196592048594097	0.000503440174525927
V98b	0.000251301758949969	9.19599532924851e-05	0.000419533478771606
V155i	0.000246399168658822	0.000275788924286845	0.000587346870280248
V116	0.000244980618642126	0.000161675456376041	0.00067125356603457
mv_mconsumosdolares	0.000236178726937208	0.000201285929815291	0.00067125356603457
V43	0.000235762092807037	0.00481651856343634	0.00302064104715556
V82b	0.000235747104413791	0.000176519354255031	0.000839066957543212
V43b	0.000234731427875885	0.000262678151781835	0.000587346870280248
V73b	0.000231574500258802	0.000168220144323769	0.000335626783017285
mttarjeta_visa_debitos_automaticos	0.000229065317876777	0.000208071329620515	0.000419533478771606
V125	0.00022422469329531	0.000597623352336697	0.000839066957543212
V94	0.000223070331964961	0.000654771021882708	0.000922973653297533
V115d	0.000221224506653568	0.000411665418691584	0.000922973653297533
V105b	0.000220766515335897	0.000347197434101465	0.000503440174525927
V169i	0.00021941459017225	0.00209144637047333	0.00268501426413828
V21	0.000219099964142354	0.000968742195920987	0.00142641382782346
V59	0.000217711095979251	0.00031963325184185	0.000335626783017285
Master_mpagospesos	0.000211774108664258	0.000596221874410824	0.000335626783017285
V144	0.000209906916782127	0.000278316398790565	0.000503440174525927
V40b	0.000201646224200822	0.000265983927958129	0.000503440174525927
V81	0.000198553782941331	0.000369153030081397	0.000839066957543212
mv_mconsumospesos	0.000198542542717546	0.000480985084498367	0.000755160261788891
V116c	0.000196871486522712	0.00404318892800772	0.00385970800469878
V36	0.000196008379663003	0.000253317135101392	0.000503440174525927
V110b	0.000195704057828113	0.00170257636468672	0.00192985400234939
V44b	0.000192399176443985	0.000355665142332975	0.000587346870280248
V87	0.000189235359751447	0.000448641434579337	0.00142641382782346
V41	0.000186066381163673	0.000129572518314508	0.000335626783017285
V130i	0.000184084399073662	0.000768435160992851	0.000755160261788891
V57b	0.000179814998337769	0.000223693529172079	0.00067125356603457
V27	0.000176002487338546	0.000111182132401728	0.000251720087262964
V39	0.000173885249338434	0.000795175573784587	0.000419533478771606
V35	0.000171797798965006	0.000163865934279265	0.000251720087262964
mprestamos_prendarios	0.000167644177850369	0.00246062882089286	0.000335626783017285
V161i	0.000166262525043996	0.000294286293247402	0.00109078704480618
mv_mpagado	0.000165472691923399	0.000808716953056898	0.000251720087262964
V124	0.000159286155160039	0.000241201304940703	0.000335626783017285
V75	0.000157764912546413	0.00037856218913334	0.000251720087262964
V67b	0.000155092593034583	0.000253071074091506	0.000755160261788891
V95	0.000153375316980503	0.000223067678342586	0.000503440174525927
V116b	0.000152584987730573	0.000354466932197878	0.000167813391508642
catm_trx	0.000148972940316499	0.000322393414474483	0.000167813391508642
V142i	0.000143565599695794	0.000483985958988498	0.00109078704480618
mvr_mconsumosdolares	0.000142208676573899	0.000840100430122134	0.000251720087262964
V66b	0.000138759309382374	0.000314096879119416	0.000587346870280248
ccajas_extracciones	0.000135827014721025	0.000374186582479281	0.000419533478771606
ctarjeta_debito	0.000135642088268697	0.000152795863410592	0.000335626783017285
ccajas_consultas	0.000135170988139962	0.00199427634275413	0.000419533478771606
V100	0.000132364144535999	0.000167835005351773	0.000335626783017285
V100b	0.000130876308801738	0.000298742137187294	0.00067125356603457
V122	0.000128055534354728	0.000159233568310543	0.000335626783017285
V22	0.000127669848228599	0.000644864391658605	0.000503440174525927
V160i	0.000121424405998695	0.000188750191192079	0.000503440174525927
Master_cconsumos	0.000119151709550871	0.000192149577535178	0.000335626783017285
V123i	0.000114857838051424	0.000212364024412547	0.000335626783017285
V169	0.000113735118732842	0.00253580848314161	0.0039436147004531
V135i	0.000112092424853327	0.000120069749095761	0.000587346870280248
V17	0.000110423556757661	0.00032921625834643	0.000335626783017285
V145i	0.000106899840135843	0.000304628879391195	0.000251720087262964
V31	0.000106894577531706	0.00018276181509279	0.000335626783017285
V117b	0.000106700934535552	0.000602694348801303	0.000755160261788891
matm	0.000104599180677631	0.000233744586510681	0.000335626783017285
V149i	0.000102399577947817	0.000225049539302646	0.000251720087262964
V79	0.000101109557599791	0.000645439425540403	0.000587346870280248
V147	9.72456307625693e-05	0.000185144862482011	0.000587346870280248
V47b	9.65465618945647e-05	0.000221569915673715	0.000503440174525927
V87b	9.55197998660951e-05	0.000265507853395524	0.00125860043631482
V65b	9.26058354209758e-05	8.69317500469896e-05	0.000167813391508642
V152	9.25251967590392e-05	2.13966095553e-05	8.39066957543212e-05
V20	9.10034241780489e-05	0.000185899092968836	0.000587346870280248
V76	8.70966812480731e-05	0.000211500136301752	8.39066957543212e-05
V64b	8.59124772368122e-05	9.75123734720855e-05	0.000167813391508642
V99	8.26384352969064e-05	0.000141089243407648	0.000335626783017285
V145	7.83526168511309e-05	0.000327247770267342	0.000167813391508642
V150	7.6905778227937e-05	3.84069141517636e-05	0.000167813391508642
V124i	7.67843918825627e-05	9.57872718266894e-05	0.000335626783017285
V161	7.52458574015691e-05	0.000143750446721089	0.000503440174525927
V77	7.39525103265513e-05	7.16224759101725e-05	0.000251720087262964
V71b	7.3603875331537e-05	4.31756835064011e-05	8.39066957543212e-05
mextraccion_autoservicio	6.93737703596636e-05	9.32063057990814e-05	0.000167813391508642
mv_mconsumototal	6.80495736744077e-05	1.91499655519935e-05	8.39066957543212e-05
V40	6.77583563870807e-05	0.00190890654520468	0.00151032052357778
V129	6.42652899518565e-05	0.00235466211207024	0.00369189461319013
V41b	6.22142011713862e-05	0.000283633456265057	0.00067125356603457
V1	6.07315744195473e-05	7.2507760630523e-05	8.39066957543212e-05
V150i	5.87807496507633e-05	0.000181793618510412	0.000419533478771606
V78b	5.86865219276074e-05	9.06253397714733e-05	8.39066957543212e-05
mttarjeta_master_debitos_automaticos	5.68909844373539e-05	0.00036679672845412	0.000167813391508642
V68b	5.60757477387514e-05	0.000274069171793838	0.000335626783017285
V98	5.5607474842794e-05	3.90755582003667e-05	0.000167813391508642
active_quarter	5.41946407212537e-05	0.000182090496467992	8.39066957543212e-05
V125i	5.37190455086243e-05	0.000141185528150647	0.000335626783017285
V156	5.33202128722084e-05	0.000204495421248586	0.00067125356603457
V44	5.26666339263976e-05	0.000371629687637423	0.000755160261788891
V74b	5.1283646005806e-05	0.000295431011858611	0.000167813391508642
V76b	5.07978113699729e-05	7.23526352112471e-05	8.39066957543212e-05
V68	4.9226285225777e-05	5.60831882206358e-05	0.000251720087262964
V132i	4.51534469982892e-05	0.00117960845766466	0.000922973653297533
mcheques_depositados	4.25297968502486e-05	0.000629472205659761	8.39066957543212e-05
V129i	3.82927290495458e-05	0.0023650207456712	0.00260110756838396
V137i	3.62970112878772e-05	0.000343974569787198	0.00109078704480618
V154	2.73322939925197e-05	0.000250016708077487	0.000251720087262964
V19	2.3637931134713e-05	0.000310363170752016	0.000839066957543212
V64	2.3019827587737e-05	0.000506345415973787	0.000503440174525927
V137	2.032320011634e-05	0.000776266320090091	0.00192985400234939
V110	2.01903766652499e-05	9.83949836162416e-05	0.000251720087262964
V42b	1.79495294116804e-05	0.00047525881686613	0.00067125356603457
V173i	1.64699266942942e-05	0.000143985809426197	0.000419533478771606
V140i	1.35010231938482e-05	4.49596258280742e-05	8.39066957543212e-05
V77b	1.18941276671595e-05	2.90138025569869e-05	8.39066957543212e-05
cextraccion_autoservicio	1.13086134028322e-05	5.3555713716916e-05	0.000167813391508642
V120	1.06838377685035e-05	0.000647445357686213	0.00142641382782346
V157	1.02569960876779e-05	6.9266174282895e-05	0.000251720087262964
V35b	9.77738336194531e-06	0.000238336833836487	8.39066957543212e-05
V56	9.41127608136375e-06	0.00012451222015468	0.000503440174525927
V26	8.22085751441052e-06	2.73609144688399e-05	8.39066957543212e-05
V23	8.19125388308183e-06	6.13280321378787e-05	0.000335626783017285
V136	5.13456179832025e-06	0.000248711514894613	0.000335626783017285
cpayroll_trx	4.50235256657833e-06	0.000227841796849612	0.000167813391508642
mv_msaldodolares	4.01995688141346e-06	0.00011825103728356	0.000167813391508642
V151i	3.25362080357125e-06	0.000139422982438529	8.39066957543212e-05
V18	2.83498154832233e-06	0.000110473369710208	0.000335626783017285
V121	2.5201930753922e-06	0.00010634649864223	0.000335626783017285
cplazo_fijo	2.05504295676284e-06	4.59197986818683e-05	8.39066957543212e-05
V178i	1.89723747768373e-06	4.24802936958538e-05	0.000167813391508642
mvr_msaldodolares	1.68428745897966e-06	1.35146335103664e-05	8.39066957543212e-05
V157i	1.59888839805125e-06	0.00010418276650095	0.000335626783017285
V165i	1.16184504860686e-06	5.48314865616508e-05	0.000251720087262964
V180	1.03878206475596e-06	5.20472527432673e-05	8.39066957543212e-05
V79b	9.89789474849026e-07	0.000196926370618398	0.000335626783017285
Master_delinquency	7.59602799397118e-07	0.00015872272425741	8.39066957543212e-05
V175i	4.19254132199073e-07	4.26915852152124e-05	0.000167813391508642
V130	2.78449184032257e-08	0.000402475574887583	0.00100688034905185
V174i	2.36971063170788e-08	6.83033268529066e-05	0.000167813391508642
V32	1.92178902434055e-08	0.000143876151802226	0.000587346870280248
V120i	1.79881089848671e-08	0.000151760802423354	0.000167813391508642
V133	8.7243030284715e-09	0.000136162674057541	0.000251720087262964
V122i	7.69299165054868e-09	1.87140096323043e-05	8.39066957543212e-05
V172	5.80113400191909e-09	6.18843439863165e-05	0.000167813391508642
V24	9.26900180392789e-10	4.35768699355629e-05	0.000167813391508642
V170	6.59230808805826e-10	1.45577182261873e-05	8.39066957543212e-05
V144i	2.60065669761527e-10	0.000254416385917295	0.00067125356603457
V166	2.1684281884045e-10	0.000174085489918116	0.000587346870280248
V134i	1.39292130522878e-10	0.000177613255918546	8.39066957543212e-05
V139	1.26817056272791e-10	0.000174066767884755	0.000587346870280248
V171i	7.60939914634891e-11	1.43009589115237e-05	8.39066957543212e-05
V132	7.3556966784205e-11	0.000134365358854895	0.000251720087262964
V139i	6.01765743213293e-11	0.000207723634715242	0.000419533478771606
V165	2.30191356371607e-11	6.64953133454837e-05	0.000167813391508642
V172i	1.56146281727884e-11	1.72670639111271e-05	8.39066957543212e-05
V178	1.18981708096152e-11	3.79468870463246e-05	8.39066957543212e-05
V151	4.99306553488596e-12	7.34278148414009e-05	0.000167813391508642
V154i	9.22559749381203e-13	1.47583114407682e-05	8.39066957543212e-05
V141	4.03532230691066e-13	0.000219004997103274	0.000587346870280248
V170i	2.25038819320234e-13	2.85029585038541e-05	8.39066957543212e-05
