Feature	Gain	Cover	Frequency
ctrx_quarter	0.197670532172154	0.0560665143466518	0.0223632038065028
V16	0.130913561312865	0.00827752645871525	0.00111022997620936
V135	0.0474650060199603	0.0095243118444147	0.00269627279936558
V133i	0.0464417614801351	0.00140201402638325	0.000158604282315623
V48	0.0373483165124619	0.000331211621076797	0.00063441712926249
V168	0.0232061342276734	0.030253727283425	0.00412371134020619
mcuentas_saldo	0.0130036991683664	0.0192094221652273	0.0225218080888184
V101b	0.0127545067214255	0.00300109896730719	0.0034892942109437
V168i	0.0120519420635192	0.0210883928400483	0.00269627279936558
mactivos_margen	0.0118757219404191	0.00956173399196154	0.00666137985725615
V153	0.0118451023463292	0.00226464158798196	0.00206185567010309
mvr_msaldototal	0.0108050222457348	0.00513361928651465	0.00428231562252181
V29	0.0107053810933581	0.00424363102391583	0.00301348136399683
V30	0.0101669586441992	0.00504479381022191	0.000793021411578113
mtarjeta_visa_consumo	0.00881463712171037	0.0107742127638879	0.00904044409199049
mv_status01	0.00867706681174036	0.00296072808320579	0.00253766851704996
V138	0.00866532845493602	0.00866992883108163	0.00111022997620936
V106	0.00820231136940912	0.000310290484148349	0.00063441712926249
mprestamos_personales	0.00806239077353054	0.00434939237500571	0.00333068992862807
V179	0.0074138532125284	0.0162271355414338	0.00555114988104679
ccallcenter_transacciones	0.00688959150072194	0.00297332127325896	0.00190325138778747
mrentabilidad_annual	0.0068554897530304	0.00436096095356922	0.00475812846946868
V58	0.0067126649893133	0.000821869469666931	0.00206185567010309
cproductos	0.00669079851420071	0.00554427404030152	0.00333068992862807
Visa_status	0.0065812384726697	0.00648442656658897	0.00206185567010309
V6	0.00617482432838532	0.0226963418617665	0.0106264869151467
mv_msaldototal	0.00613254491148757	0.00213254414738164	0.00253766851704996
mcaja_ahorro	0.006054605112334	0.00173091431456476	0.00253766851704996
V123i	0.00563325534773919	0.000119885501334002	0.000158604282315623
tcallcenter	0.00544982108853249	0.00321623163787494	0.00237906423473434
Master_fechaalta	0.00536064174713232	0.024343446530703	0.015543219666931
V163	0.00490771948875385	0.00309418372973427	0.00459952418715305
V127i	0.00464171485117291	0.00584182836535163	0.0077716098334655
thomebanking	0.00460648068946665	0.00241021386108005	0.00301348136399683
V159	0.0044242841218546	0.00470922163327051	0.00190325138778747
mv_status02	0.00432459750020205	0.00557961717965132	0.00158604282315623
mcuenta_debitos_automaticos	0.00430382978714756	0.00547548805849264	0.0049167327517843
mpasivos_margen	0.00412239410211026	0.00177253617781051	0.00253766851704996
V126i	0.00403238761991341	0.00132070633904373	0.000317208564631245
V153i	0.00389624537717194	0.000640834916348157	0.00111022997620936
canarito44	0.00377566405814876	0.00119245714857318	0.00301348136399683
canarito51	0.00341443926524096	0.00473983488004593	0.00824742268041237
Visa_fechaalta	0.00340244622513103	0.00189544785726514	0.00555114988104679
ctarjeta_visa_transacciones	0.00330129370629712	0.00614819911484767	0.00507533703409992
mv_msaldopesos	0.00327127752304225	0.00410933543424757	0.00507533703409992
V5	0.00300639413731446	0.00488266691311353	0.00444091990483743
V87	0.00294155770021588	0.000962145931053917	0.00222045995241872
mvr_msaldopesos	0.00289842047859113	0.00211659118476935	0.00301348136399683
chomebanking_transacciones	0.00283913549491263	0.00148774184003282	0.00269627279936558
Visa_msaldototal	0.00282045645482092	0.00122857470358377	0.00301348136399683
V143	0.00246105727804229	0.00240023581314294	0.000475812846946868
V15	0.00244384847195308	0.00198143778083067	0.00396510705789056
V105c	0.00243774276872051	0.0173650380852261	0.00967486122125297
V106b	0.00242272817779095	0.000149176284442539	0.00063441712926249
V102b	0.0024199422092949	0.000994063770365598	0.00190325138778747
canarito101	0.00234430576837581	0.000986164730625529	0.00253766851704996
canarito62	0.00232904894599072	0.00636026986503353	0.00650277557494052
mrentabilidad	0.00224065153161092	0.000521968069460271	0.0014274385408406
V163i	0.00211163098139169	0.000936792753728326	0.00206185567010309
mv_status06	0.00210812506998638	0.000253948766304026	0.000475812846946868
canarito77	0.002102754403854	0.00114690363658803	0.00301348136399683
Visa_mconsumototal	0.00202814089630678	0.000250064773912982	0.000475812846946868
V89b	0.00199743123198585	0.00071740675406976	0.00222045995241872
Visa_Fvencimiento	0.00199569825634051	0.00128019248589727	0.00269627279936558
mvr_msaldopesos2	0.00193847098304283	0.00147947346359299	0.00317208564631245
canarito21	0.00190019342160825	0.000712063286010301	0.00269627279936558
canarito29	0.00189168869563877	0.00223245568171078	0.00555114988104679
V181	0.00189010040391707	0.00526035538792488	0.000951625693893735
ccuenta_debitos_automaticos	0.00184792593244276	0.00301540182885764	0.00206185567010309
ctarjeta_master	0.00183562935061785	4.27000881273108e-05	0.000158604282315623
canarito69	0.00183336848842864	0.0108484315694095	0.00967486122125297
canarito34	0.00179642077585746	0.000693173500930544	0.00206185567010309
mv_fechaalta	0.00179168691657988	0.00476340094430816	0.00650277557494052
V45b	0.00179043421654847	0.02332285008839	0.0145915939730373
V162	0.00178852379942996	0.00160086013990021	0.00063441712926249
V102	0.00173612805323197	0.00118062646009371	0.00222045995241872
cliente_edad	0.00170923177120949	0.0063145852980904	0.00729579698651864
canarito18	0.00168602039547798	0.00533511628440894	0.00967486122125297
V138i	0.00167011765915589	0.00194084648611813	0.000951625693893735
canarito13	0.00166573844896173	0.00449653135055601	0.00935765265662173
canarito24	0.00162649911955956	0.00125824078043561	0.00285487708168121
V82	0.00154562175274639	0.00125107445705152	0.00190325138778747
canarito70	0.00153909329315886	0.000973803865270595	0.00253766851704996
V69	0.00152423516017293	0.0064642381460165	0.00364789849325932
canarito8	0.00152381321317272	0.00907541287107184	0.00856463124504362
V13	0.00151658826903855	0.000673813109410767	0.00158604282315623
Master_mlimitecompra	0.00150718759276695	0.00152777912969572	0.00253766851704996
canarito91	0.00147425729103572	0.0158913489109148	0.0098334655035686
canarito37	0.00144943034114785	0.00181500394123958	0.00253766851704996
V52b	0.00144789582907147	0.00148015256655706	0.00269627279936558
V52	0.00143882322311454	0.000510804569857791	0.00174464710547185
ccaja_seguridad	0.00139330036815627	0.00210447455819974	0.00126883425852498
canarito6	0.00136299220634734	0.00165340722100666	0.00253766851704996
numero_de_cliente	0.00133741451664821	0.0161183956685717	0.00856463124504362
V28	0.00133105004833618	0.000110044465398411	0.000158604282315623
ccaja_ahorro	0.00132211316751684	0.00689457497167456	0.00396510705789056
V146i	0.00129591748499253	0.00118349179803864	0.000158604282315623
canarito30	0.00127606583050538	0.00087037171820663	0.00253766851704996
mtransferencias_emitidas	0.00126747435332882	0.00346035128233047	0.00539254559873117
canarito49	0.00125470488174663	0.000889916778076288	0.00269627279936558
V131	0.00124626537614031	0.00389228459565846	0.00063441712926249
canarito42	0.00124250150352909	0.0025293428178839	0.00285487708168121
V100c	0.0012302548141246	0.000832187069086086	0.00126883425852498
canarito64	0.00122877957441864	0.000785793613961156	0.00269627279936558
canarito100	0.00122595258282925	0.00274223564007891	0.00412371134020619
canarito105	0.00121658205492681	0.00975732755970319	0.0098334655035686
canarito53	0.00120407740838329	0.00108717236096686	0.00269627279936558
canarito16	0.001200629862565	0.00267328286105078	0.00412371134020619
V83b	0.00119828221477904	0.00218889182226951	0.00253766851704996
canarito93	0.00119260453299458	0.00183020035932172	0.00190325138778747
Visa_cconsumos	0.00118217079805583	0.00105664846984461	0.00190325138778747
V105d	0.00117186360823308	0.00194539766738616	0.00412371134020619
V45	0.00116535312136	0.0205811505822301	0.0122125297383029
canarito96	0.00115939759167386	0.000848735736052837	0.00269627279936558
canarito5	0.00115491733411321	0.0162833998177121	0.0101506740681998
V97	0.00115354385450875	0.000700131327790574	0.00190325138778747
canarito85	0.00115135211997454	0.00359455155930202	0.00650277557494052
canarito27	0.00114598344666587	0.00184779746595231	0.00253766851704996
Visa_mpagospesos	0.00112509015018968	0.00107717644189911	0.00206185567010309
canarito28	0.00111826285311642	0.00111898297349474	0.00285487708168121
canarito89	0.00108652505111311	0.00168566461180038	0.00237906423473434
V155i	0.00107688152166308	0.00024128409172832	0.000475812846946868
canarito98	0.00107196729423468	0.010855526408271	0.0107850911974623
V127	0.00104554879996729	0.00176665061878849	0.00317208564631245
canarito83	0.00102396208180021	0.0170582324715513	0.0128469468675654
mtarjeta_master_consumo	0.000992971422105068	0.00249852107458441	0.000951625693893735
canarito86	0.000979730231400816	0.00177478794027034	0.00253766851704996
V91	0.000976564803111353	0.00136882137975303	0.00174464710547185
V87c	0.00097653391060731	0.000420424305199928	0.00126883425852498
V162i	0.000973135440507482	0.00140201402638325	0.000158604282315623
V104b	0.000972638149805967	0.000510387576809673	0.000951625693893735
canarito31	0.000967097485836016	0.000383431064788293	0.00126883425852498
V90b	0.000963794375217232	5.61927917557091e-05	0.000317208564631245
canarito38	0.000960951812620772	0.0052204670243506	0.00380650277557494
ccomisiones_otras	0.000945685106355658	0.00145885017884177	0.00253766851704996
canarito87	0.000935187674897611	0.00529024187538787	0.00761300555114988
canarito54	0.000929132028850043	0.00133111329411605	0.00253766851704996
canarito92	0.000927321146314289	0.00223137745682922	0.00269627279936558
Visa_mpagominimo	0.0009222110330125	0.00366720366237131	0.00523394131641554
V111	0.000916470235909295	0.000454826231669686	0.000951625693893735
canarito84	0.00091045600298829	0.000484939086787369	0.00158604282315623
V53	0.000909843949959216	0.000795086601890649	0.0014274385408406
canarito107	0.000895225128925179	0.0020057663466666	0.00333068992862807
canarito12	0.000889297757889356	0.000709644726331216	0.00174464710547185
V112	0.000885015612136601	0.000378075682641746	0.000951625693893735
canarito48	0.000883244283180487	0.000607654183805031	0.00206185567010309
canarito106	0.000882793008631076	0.000874166354944507	0.00190325138778747
canarito88	0.00088186758416748	0.000945507908433998	0.00190325138778747
canarito46	0.000875311505622082	0.00101439515998314	0.00253766851704996
V81b	0.000873855503030691	0.000824299943433106	0.000951625693893735
canarito26	0.000852918297466391	0.000650479369846778	0.00158604282315623
mcomisiones_otras	0.000851620361817756	0.0011016598908672	0.0014274385408406
canarito11	0.000832809603249872	0.000978366960625717	0.00222045995241872
V47b	0.000831046883091182	0.00147235479655725	0.00158604282315623
mautoservicio	0.000828825855991751	0.000782344485748864	0.000793021411578113
V148	0.000816240587299684	0.00451299066186959	0.00761300555114988
V128	0.000797004916308192	0.000643968321252588	0.00237906423473434
canarito63	0.000787702865944389	0.00102106109170948	0.00222045995241872
ctarjeta_visa_debitos_automaticos	0.000779915245326696	0.00168605777667432	0.00111022997620936
V115d	0.000765379988726622	0.000487804424732296	0.00111022997620936
V128i	0.000761246876749504	0.000321549296447542	0.00126883425852498
canarito14	0.000757138897740314	0.00255495810512545	0.00333068992862807
cliente_antiguedad	0.000745814320122253	0.00580612780338916	0.00570975416336241
V100d	0.000745762418129957	0.00600134012034396	0.00333068992862807
canarito10	0.000745395897313289	0.000614099704920231	0.00158604282315623
Master_msaldopesos	0.000738946888117495	0.000736630133588012	0.00111022997620936
canarito60	0.000731052905734476	0.000588365276807789	0.0014274385408406
canarito66	0.000730279255216585	0.000823031093158117	0.00301348136399683
canarito33	0.00072989769270936	0.00108493846963766	0.00285487708168121
V179i	0.000713129685092922	0.00191748296133642	0.000951625693893735
V11	0.000701761650370921	0.00344022243219345	0.00126883425852498
canarito50	0.000686660973147938	0.000596270273591403	0.0014274385408406
V37	0.000686511262909101	0.00131993788042648	0.00206185567010309
canarito17	0.000684051671465337	0.000587549161842186	0.00206185567010309
canarito32	0.000682894195556816	0.0006608327115272	0.00158604282315623
V108	0.000678016521841877	0.00037341727458991	0.00111022997620936
canarito79	0.000660701269131688	0.00117094626433382	0.00269627279936558
canarito22	0.000653412198294996	0.00108956113542823	0.00206185567010309
canarito3	0.00065094739890539	0.00388692325646837	0.0034892942109437
canarito1	0.000646748026156058	0.00131217585268794	0.00190325138778747
canarito55	0.000645835539767234	0.00155253064562331	0.00237906423473434
canarito103	0.000643117237433795	0.00389718128545208	0.0063441712926249
V118	0.000639751402479856	0.000403452688141515	0.000158604282315623
canarito73	0.000637673045907672	0.00208229052803985	0.00206185567010309
V61	0.000637036892927215	0.000350315859724158	0.000951625693893735
canarito43	0.000632717671067079	0.000271605443370063	0.000951625693893735
V111b	0.0006274513591018	0.000571780867579771	0.000951625693893735
canarito25	0.000627137467099217	0.00116548961244702	0.00174464710547185
V107b	0.000621811990405747	0.000141759765229578	0.000793021411578113
V11b	0.000619194228287813	0.000958774244407703	0.00190325138778747
V50b	0.000619054321226917	0.00209055890447968	0.00412371134020619
mv_mfinanciacion_limite	0.000617149934193969	0.00057776769634204	0.00174464710547185
canarito7	0.000610433778205223	0.000603043432101552	0.00174464710547185
Master_status	0.000603502050943953	0.00073172748675085	0.000317208564631245
canarito47	0.000600489692309938	0.000505788739193283	0.00111022997620936
V65	0.000594058503904146	0.000398871721655758	0.00111022997620936
Visa_msaldopesos	0.000589774334774176	0.00279630176728921	0.00333068992862807
V49	0.00058912572123826	0.000419524791624702	0.00158604282315623
canarito78	0.000585316767965433	0.00063263802443086	0.0014274385408406
V118b	0.00058354087592888	0.000403452688141515	0.000158604282315623
V18	0.00057443881834031	0.00013548699837717	0.000158604282315623
V174	0.000572085472173269	0.00215468647823672	0.00999206978588422
V10	0.000567022101943212	0.00217086580850371	0.00222045995241872
canarito2	0.000565142734369198	0.00185362941158242	0.00253766851704996
canarito9	0.000563009861172612	0.000960358817990553	0.00174464710547185
canarito94	0.000562435406279657	0.000666176179586658	0.0014274385408406
canarito36	0.00056185809903103	0.000996285747607714	0.0014274385408406
canarito67	0.000560403159147799	0.000797671958788982	0.00158604282315623
V47	0.000552442097749846	0.000575694645188538	0.0014274385408406
canarito56	0.000549657359844818	0.00174132722668063	0.00237906423473434
canarito35	0.000546421405310225	0.00499018559204905	0.00618556701030928
canarito15	0.000538671878230175	0.000715589855788673	0.00174464710547185
V107	0.00053805049780022	0.00100775901347451	0.00063441712926249
canarito99	0.000537371269180976	0.000559235333874956	0.00174464710547185
V148i	0.000532802213870955	0.0022671197180965	0.00697858842188739
V37b	0.000524890696111883	0.00315405797440051	0.00158604282315623
V51b	0.000523933356088107	0.000562237683821407	0.00111022997620936
Visa_mlimitecompra	0.000522143031215632	0.00026710787549393	0.00111022997620936
V50	0.000512019125083722	0.00133808899210671	0.00380650277557494
canarito68	0.00051176992465403	0.000771329912234997	0.0014274385408406
V101	0.000510832787561497	0.000366703686515206	0.000793021411578113
canarito58	0.000510046880593457	0.00132208241610252	0.00301348136399683
canarito57	0.000509000792378991	0.000192198052921255	0.000951625693893735
V83	0.000505902597822582	0.000492915568093517	0.00174464710547185
V103	0.000503512663346291	0.000330735057593233	0.00126883425852498
mv_fultimo_cierre	0.000502602121586494	0.000688842730273658	0.000951625693893735
canarito97	0.000502097039796225	0.000624435175470019	0.00126883425852498
canarito74	0.000495871024345587	0.000142754591501517	0.00063441712926249
V158	0.00049375505825618	0.000174684344900288	0.000317208564631245
canarito41	0.000490024363768396	0.000496877002050641	0.00174464710547185
V103b	0.00048630714588783	0.000549197715502395	0.00126883425852498
canarito45	0.00048354277840482	0.000415414431578965	0.000793021411578113
canarito72	0.000482118222768492	0.000524803622187476	0.00158604282315623
V94	0.000480514537197419	0.000390913111480244	0.000793021411578113
V113	0.00048038756384545	0.00125505376213928	0.00126883425852498
V74b	0.000476603079957789	0.000545123097717925	0.000475812846946868
canarito19	0.000476324641033091	0.00466174995326402	0.00444091990483743
V51	0.000476201196019702	0.000407950256017648	0.00126883425852498
V115	0.00047334860640237	0.00048959153779566	0.0014274385408406
canarito76	0.000463157420988845	0.000279421084500508	0.000793021411578113
V131i	0.000459407308393245	0.00118026903748104	0.00063441712926249
V70b	0.000451858488073043	0.000142004004014904	0.00063441712926249
canarito71	0.000447438340963983	0.00443606140153532	0.00570975416336241
mv_Fvencimiento	0.000443717180654549	0.00276335931648787	0.00301348136399683
V38b	0.000439181177160556	0.000923627687494878	0.000951625693893735
V75	0.000436238068183988	0.000841247732317341	0.000475812846946868
mv_mpagospesos	0.000433211027626146	0.000294796213888983	0.000951625693893735
V110b	0.000431895374141691	0.00197885838097588	0.00206185567010309
V82b	0.000431535509975723	0.000322871760114432	0.000793021411578113
V160	0.000430771941358307	0.00043952854384729	0.000951625693893735
V173	0.000425711791635323	0.000350083535025921	0.000951625693893735
canarito81	0.000417554751008538	0.000644867834827815	0.0014274385408406
V60b	0.00040956113086587	0.000929823012781206	0.000793021411578113
V57	0.000403032434485446	0.000209973870858182	0.000793021411578113
Master_msaldototal	0.000402137808096789	0.000217372518940509	0.000793021411578113
canarito20	0.000401370653853265	0.000552891082500014	0.000951625693893735
canarito95	0.000398744811458175	0.000957838988571209	0.00333068992862807
V99b	0.000395185690110274	0.000557615018030839	0.00111022997620936
V93	0.000393951862473338	0.00122545916980997	0.00158604282315623
cpagomiscuentas	0.000379527403106668	0.000238073245257809	0.000793021411578113
canarito52	0.000373505112127833	0.000879051130651035	0.00158604282315623
canarito104	0.000354577458172501	0.000519823533784235	0.00111022997620936
V66b	0.000350187751333138	0.000360240294269373	0.000951625693893735
V97b	0.000346666749721317	0.000848062590132303	0.00222045995241872
V40	0.000343974132373692	0.00627545943608982	0.00301348136399683
V59	0.000338999288233425	0.000159470055687515	0.000317208564631245
canarito40	0.000337037930157365	0.000479923256122861	0.00111022997620936
V80	0.00033132753802325	0.00117318611270657	0.00111022997620936
ctransferencias_emitidas	0.00033020868746283	0.000432076282373062	0.00126883425852498
tpaquete4	0.000328301446547093	0.00563764474081875	0.0014274385408406
canarito80	0.000326201013276939	0.00929216585748371	0.00872323552735924
matm	0.000318298130750102	0.000972195463513567	0.00126883425852498
Master_mpagospesos	0.000318287072935996	0.00028379951150575	0.00063441712926249
mvr_mpagospesos	0.000313964710358851	0.000780104637376114	0.00174464710547185
canarito59	0.000312603664285225	0.000555905346533554	0.0014274385408406
V75b	0.000311029248693751	8.99573145661998e-05	0.000158604282315623
V164	0.000307383508578727	0.00226423650902094	0.00269627279936558
Master_cconsumos	0.000307320467492048	0.000369283086369995	0.000317208564631245
canarito82	0.000304775984183036	0.000765551579996786	0.0014274385408406
V59b	0.00030386055646962	0.000395535777270812	0.000317208564631245
V9	0.000301499033528999	0.00108941220933961	0.00190325138778747
V58b	0.000295887107744613	0.000519758006305245	0.00174464710547185
mcomisiones	0.00029477401159206	0.000563155068527267	0.00126883425852498
V43	0.000292684709390774	0.00873914967706927	0.00333068992862807
V84	0.000292532467276498	0.00917133318622613	0.0063441712926249
V84b	0.000292462858113094	0.000271617357457152	0.00111022997620936
V92b	0.00028984211831411	0.000202616922080667	0.000951625693893735
V90	0.000286263758073815	0.000127367548025953	0.000317208564631245
V2	0.00028373761483878	0.000194932335908202	0.000317208564631245
V34	0.000278806685805765	0.000717805875987244	0.00063441712926249
V126	0.000272913846180295	0.000252650130811315	0.00063441712926249
V169i	0.000272788867920222	0.00279878585444729	0.00444091990483743
V110c	0.000267766577610517	0.00156230019703636	0.00317208564631245
mv_mpagosdolares	0.000261624852223409	0.00779430300046871	0.00396510705789056
V34b	0.000261380698689591	0.0004828302933726	0.00063441712926249
V76b	0.00026098870111536	6.82796331075944e-05	0.000317208564631245
V91b	0.00025764047756181	0.000177847535022442	0.00063441712926249
V98b	0.00025474057424851	0.000467884071119332	0.000951625693893735
V42	0.000254083714201087	0.017022829761766	0.00729579698651864
V94c	0.000249163433605389	0.00212123172169055	0.00285487708168121
V61b	0.000249144403552698	0.000400897116460904	0.000793021411578113
canarito61	0.000247310951044237	0.000137542178400039	0.000475812846946868
V72b	0.000246454122073309	5.74973842919648e-05	0.000158604282315623
V112b	0.000239677453476424	0.000574973842919648	0.00158604282315623
mcuenta_corriente	0.000238588347367899	0.000513014633012818	0.00111022997620936
V56b	0.000236800008054682	0.000222382392561473	0.000475812846946868
V44	0.000235567192140639	0.0001864137636395	0.00063441712926249
V63b	0.000235076679988517	2.62169486395501e-05	0.000158604282315623
mv_mlimitecompra	0.000233740079453703	0.000142742677414428	0.000317208564631245
V152	0.000232579844399664	2.57225140253527e-05	0.000158604282315623
canarito39	0.000231189971060111	0.00135488189785879	0.0014274385408406
canarito23	0.000230866252657314	0.000372517761014684	0.000793021411578113
ctarjeta_debito	0.000229627950897086	0.000349642713803624	0.000475812846946868
V81	0.000229340955284961	0.000546868511476477	0.000793021411578113
V25	0.000228973520098113	0.000495274557337158	0.00126883425852498
V67	0.000228951138723913	0.000812558610606804	0.00111022997620936
V124	0.000228544877040079	0.000121970466574594	0.00063441712926249
mvr_Master_mlimitecompra	0.000226613411348395	0.00033551260651596	0.000951625693893735
V100b	0.000223821595326211	0.000203063700346508	0.000951625693893735
V88b	0.000222427028382218	0.000627836647333956	0.00126883425852498
V35	0.000221097379918594	0.000833050840400045	0.000475812846946868
mv_cconsumos	0.000220727954979863	0.000504138638131443	0.0014274385408406
V69b	0.000216016491090438	0.00126937449482037	0.0014274385408406
V115b	0.000204897645574318	0.00087181332274441	0.00158604282315623
canarito75	0.000204461798373961	0.000327816106256405	0.00063441712926249
V9b	0.000203885923707014	0.000996112993344922	0.00111022997620936
V8	0.000202550543645178	0.00021526372552574	0.00063441712926249
V12	0.000202188446263006	0.000325612000144923	0.000793021411578113
mvr_mpagosdolares	0.000200338886240615	0.00115172884185912	0.0014274385408406
V122i	0.000199162227702444	0.000355373389693478	0.00063441712926249
canarito90	0.000198012789101128	0.000308848879610569	0.000793021411578113
V105	0.000195825762250082	0.00110155862112694	0.00111022997620936
canarito65	0.00019526082178986	0.00168736236921058	0.00126883425852498
V73b	0.000192907301490408	0.000172581508529063	0.000317208564631245
V164i	0.00019101116342077	0.00363209880476329	0.00380650277557494
V62b	0.00018427731556149	0.000348641930488141	0.00111022997620936
V95	0.000181738277496382	0.000327309757555119	0.000951625693893735
V144	0.000179640133343858	9.48003909679163e-05	0.000317208564631245
ctarjeta_debito_transacciones	0.000178105331501392	0.000595090778969582	0.00158604282315623
mvr_mconsumosdolares	0.000177293543539123	0.000729297012984675	0.000793021411578113
V116c	0.000174091578516856	0.00894600801415365	0.00618556701030928
V42b	0.000172109363574966	0.000603126830711176	0.000793021411578113
V109b	0.000166657606016861	0.00130038686351328	0.00269627279936558
V68b	0.000165572522150381	0.000666777840984657	0.00111022997620936
V87d	0.000157883056145205	0.000485642017925626	0.000951625693893735
mv_status07	0.000156215719600566	8.7681723932183e-05	0.000158604282315623
V38	0.00015420828823045	0.00140383092466433	0.00063441712926249
V53b	0.00015359475868581	0.000406329940173531	0.000317208564631245
V142	0.00015200794323407	0.000340826289357695	0.00111022997620936
V104	0.000149791620083534	0.000311892928861832	0.00063441712926249
mvr_mconsumospesos	0.000148563045436121	0.0012993205527188	0.00222045995241872
V116b	0.00014699719739188	0.000692845863535594	0.00126883425852498
V33b	0.000145118172850917	0.000211915867053705	0.000793021411578113
V145	0.000144341436471293	4.68521474778598e-05	0.000158604282315623
mv_mconsumosdolares	0.000142163248465402	0.000269609833782639	0.00063441712926249
ctarjeta_master_transacciones	0.000141248095854657	2.75274982193503e-05	0.000158604282315623
V54	0.000140798313457556	0.000174785614640545	0.000793021411578113
V54b	0.000140092972850487	0.000354181980984569	0.00063441712926249
V39b	0.000139576420097111	0.000724150127362187	0.000951625693893735
V43b	0.000138662577992851	0.000344996219838878	0.00063441712926249
mttarjeta_visa_debitos_automaticos	0.0001379920024994	0.000262187357526134	0.000793021411578113
V66	0.000137252183669833	0.00180376895711456	0.000793021411578113
cseguro_vida	0.000135827430358283	0.000299025714805611	0.000158604282315623
ccajas_extracciones	0.000130647568693627	0.000267769107327374	0.000317208564631245
V150i	0.000130071320715187	2.87903914507942e-05	0.000158604282315623
V149	0.000127739941441106	0.000474407033800611	0.00063441712926249
Master_msaldodolares	0.000127524123538623	0.000234111811300686	0.000317208564631245
V46	0.000127201876641538	0.000345794463673847	0.000475812846946868
V115c	0.000127037859403254	0.00363589344150117	0.0034892942109437
canarito4	0.000125311381575568	0.000140115621211283	0.000475812846946868
V36	0.000124187468505428	0.000278003308136906	0.000475812846946868
V87b	0.000124005503780258	0.00095769601952614	0.00301348136399683
V63	0.000123711596466996	6.36510102734816e-05	0.000317208564631245
V33	0.000122977140347336	0.000103837226024994	0.000317208564631245
V60	0.000121705552786482	0.000216056012317165	0.000475812846946868
V46b	0.000119770947485301	0.000161483536405572	0.00063441712926249
V181i	0.000119358739004165	0.00217971201816736	0.00111022997620936
V56	0.000110308804800786	0.000474794241631006	0.000793021411578113
V98	0.000109809866223622	0.00014508975257098	0.000475812846946868
mdescubierto_preacordado	0.000107269402419938	0.000388309883451277	0.000158604282315623
V94d	0.00010462459921704	0.00440646680920601	0.00539254559873117
V76	0.000104041224647632	0.000200085178574235	0.000158604282315623
V65b	0.000102956199728575	5.92189698763388e-05	0.000317208564631245
V74	0.000102830782919143	0.000495203072814623	0.0014274385408406
V93b	0.000101561895918084	0.000606010039786736	0.0014274385408406
V116	0.00010145754829315	0.000242648254700021	0.00111022997620936
V95b	0.000100548699126257	6.56942762092611e-05	0.000317208564631245
V21	9.83034055973422e-05	0.000708703513451177	0.0014274385408406
ccajas_consultas	9.69577199484285e-05	0.000347700717608102	0.000317208564631245
active_quarter	9.54243469978184e-05	5.76165251628557e-05	0.000158604282315623
V85	9.48090862755645e-05	0.000214161672469999	0.000317208564631245
Visa_mconsumospesos	9.37983239329701e-05	0.00023570234192708	0.000475812846946868
V39	9.19254759413745e-05	0.000273892948091169	0.000951625693893735
V110	9.00340883471822e-05	0.000205762241072188	0.000475812846946868
V70	8.65271841847057e-05	8.48580852920678e-05	0.000475812846946868
V122	8.56014991832256e-05	0.00012136284813305	0.000475812846946868
V88	8.35295567837047e-05	0.000155877958430154	0.000793021411578113
V89	8.30892228657544e-05	0.000113618691525139	0.000475812846946868
V62	8.13372092034908e-05	0.00021637769266857	0.000793021411578113
V99	7.83674831840169e-05	0.000149825602188894	0.00063441712926249
mvr_msaldodolares2	7.55405229848232e-05	3.29603219319769e-05	0.000158604282315623
V68	7.5253661952868e-05	0.000177424584930779	0.00063441712926249
V55	7.34460512625846e-05	0.000204987825411397	0.000793021411578113
V86	7.14711115048727e-05	0.00106672778752198	0.00063441712926249
V169	7.05114756452159e-05	0.00245803700665567	0.0049167327517843
Master_mconsumospesos	6.67654509945624e-05	0.000114875627713039	0.000475812846946868
V160i	6.56923898693147e-05	0.000108978154603937	0.000317208564631245
V79	6.00340867189807e-05	0.00102371197608681	0.000793021411578113
V67b	5.8665100189966e-05	0.000188844237405675	0.000475812846946868
V100	5.67646339291082e-05	6.58015029930629e-05	0.000317208564631245
V108b	5.1378443765598e-05	0.000305072114003326	0.000317208564631245
V159i	5.08379382730605e-05	0.00187333531162778	0.00206185567010309
V27	5.01080510914442e-05	2.5442532978759e-05	0.000158604282315623
V116d	4.79532251042192e-05	0.000398955120265382	0.00111022997620936
V178i	4.75732269775748e-05	8.78663922820639e-05	0.000317208564631245
V92	4.65463330569277e-05	0.00186319642351496	0.00317208564631245
V49b	4.65128311430446e-05	0.00166437413817217	0.00111022997620936
V117	4.31038193258923e-05	0.000146882822677888	0.000475812846946868
V64	4.09713902977826e-05	0.000195760364960894	0.000317208564631245
V80b	3.95724548783607e-05	0.000161840959018245	0.00063441712926249
V94b	3.68808002975195e-05	0.000397763711556473	0.0014274385408406
V117b	3.0874037698463e-05	0.000461110912609182	0.000317208564631245
V145i	2.92765954903909e-05	0.00122940868968	0.000475812846946868
V178	2.89559844050504e-05	5.85636950864387e-05	0.000158604282315623
V172	2.81319658647267e-05	0.000291996403423046	0.000951625693893735
mextraccion_autoservicio	2.68959956200804e-05	0.000231389442400828	0.000317208564631245
V20	2.51272296370333e-05	0.00018970205167609	0.00063441712926249
V125i	2.22590478977181e-05	0.000631923179205515	0.000951625693893735
V23	2.21876362226913e-05	9.080917179307e-05	0.000475812846946868
V147	2.20846160387139e-05	0.000498747513723628	0.0014274385408406
V86b	2.13683417269548e-05	2.66637269053911e-05	0.000158604282315623
V41	2.10709142630177e-05	0.0002886604590381	0.00126883425852498
mvr_msaldodolares	1.83739418952245e-05	4.75669927032055e-05	0.000158604282315623
mvr_mconsumototal	1.72299746279002e-05	0.000226075759559092	0.000317208564631245
Master_mconsumototal	1.69789683832251e-05	0.000115941938507513	0.000158604282315623
V150	1.67929764947986e-05	0.000140895993915619	0.000158604282315623
V125	1.60683742427963e-05	0.000353526706194669	0.000475812846946868
V31	1.35328966543988e-05	0.000178032203372323	0.00063441712926249
V135i	1.02624446402561e-05	0.000872420941185954	0.000951625693893735
canarito102	1.02581018281718e-05	0.0010579709335115	0.000951625693893735
V105b	1.00393954550773e-05	0.000281512006784644	0.00126883425852498
catm_trx	9.89546618211633e-06	0.000137762589011187	0.000158604282315623
mv_mpagado	9.56842906060573e-06	0.00025231653637282	0.000317208564631245
V26	8.8628820213339e-06	9.73619196920714e-05	0.000317208564631245
V166i	8.47073856503116e-06	5.29045037191193e-05	0.000317208564631245
V158i	7.90841304058654e-06	0.000250082645043615	0.00063441712926249
mvr_mpagado	7.29070088322967e-06	0.000295046409717854	0.000317208564631245
V170i	5.98845249416835e-06	9.72606499518141e-05	0.000317208564631245
V40b	5.93810783449371e-06	0.000441863704916752	0.000317208564631245
V57b	5.67279091591768e-06	0.000334231842153882	0.00063441712926249
V146	5.32211086707545e-06	0.00105906702952369	0.00063441712926249
V113b	5.18906655202736e-06	0.000131370681287889	0.00063441712926249
V143i	4.51060400248207e-06	2.67232973408365e-05	0.000158604282315623
V17	3.65174521424972e-06	0.000111885191853676	0.00063441712926249
V156	3.34751382385126e-06	0.000399795063405163	0.000793021411578113
V173i	2.80474139787096e-06	9.96196391954546e-05	0.000475812846946868
cextraccion_autoservicio	2.79062962835613e-06	8.81582874157467e-05	0.000158604282315623
V129i	2.59529987024195e-06	0.00137982403917981	0.0014274385408406
V130i	2.32420335436918e-06	0.000105165646735428	0.000317208564631245
V137i	2.18453466319558e-06	0.000360901526102818	0.00126883425852498
mttarjeta_master_debitos_automaticos	1.98243738886323e-06	0.000196308412966992	0.000317208564631245
V137	1.95026208978925e-06	0.000424945701250239	0.0014274385408406
V96	1.89994895580454e-06	0.00401367127196569	0.00190325138778747
mvr_Visa_mlimitecompra	1.89358070938405e-06	0.000105308615780497	0.000158604282315623
V175	1.31600530591099e-06	3.46044659502718e-05	0.000158604282315623
V41b	1.25745264189596e-06	0.000355730812306151	0.00063441712926249
V136i	7.92857295288286e-07	4.69534172181171e-05	0.000158604282315623
V36b	7.43773102577327e-07	0.000150969354549447	0.000475812846946868
V144i	1.86982931058222e-08	0.000329621090450403	0.00126883425852498
V161	1.33804365282352e-09	0.000261847806044095	0.000951625693893735
V129	6.25243852625384e-10	0.00230333854284734	0.00206185567010309
V134i	2.14899756828367e-10	0.000399163616789441	0.000158604282315623
V174i	1.33132135077528e-10	9.28524377288495e-05	0.000317208564631245
V132i	1.29727295143442e-10	0.000653386407096516	0.00111022997620936
V166	1.05156069815992e-10	0.000118294970707609	0.000475812846946868
V85b	4.78634117012244e-11	2.4298780618206e-05	0.000158604282315623
V124i	8.63066064640259e-13	0.000504323306481324	0.000317208564631245
V139	8.54429829251128e-13	3.14472328716621e-05	0.000158604282315623
V142i	6.21570348209706e-13	0.00048072149995783	0.000951625693893735
cpayroll_trx	4.9411031976936e-13	5.63059755830555e-05	0.000317208564631245
V139i	4.79817689687886e-13	0.000428186332938473	0.000317208564631245
V161i	3.85087526354377e-13	8.89029178588151e-05	0.000317208564631245
V172i	3.52973531471564e-13	6.31923179205515e-05	0.000317208564631245
V141	1.05181261131389e-13	0.000299216340199037	0.00063441712926249
V134	8.7822001406343e-14	0.000463880937857397	0.000475812846946868
V155	8.72759922828462e-14	0.000246335664654095	0.000317208564631245
V14	6.42280642146485e-14	0.000196874332103724	0.000158604282315623
V120	5.3863029485594e-14	0.000180379278528874	0.00063441712926249
V22	3.85724847202713e-14	0.000106106859615466	0.000158604282315623
V130	1.23112065994297e-14	0.000100102159722563	0.000158604282315623
mv_msaldodolares	4.15931793175936e-15	4.25511620386971e-05	0.000158604282315623
V140i	2.98171122845255e-15	6.30195636577596e-05	0.000317208564631245
