fecha	objective	metric	first_metric_only	boost_from_average	feature_pre_filter	verbosity	seed	max_depth	min_gain_to_split	lambda_l1	lambda_l2	max_bin	num_iterations	force_row_wise	learning_rate	feature_fraction	min_data_in_leaf	num_leaves	ratio_corte	iteracion_bayesiana	ganancia
20211011 212658	binary	custom	TRUE	TRUE	FALSE	-100	999983	-1	0	0	0	31	86	TRUE	0.0612522357539274	0.351933666075638	3195	553	0.0286143427801946	1	8159499.9583875
20211011 213010	binary	custom	TRUE	TRUE	FALSE	-100	999983	-1	0	0	0	31	42	TRUE	0.051756157343043	0.591843816509936	3437	341	0.0307621711597967	2	7642124.9601625
20211011 213425	binary	custom	TRUE	TRUE	FALSE	-100	999983	-1	0	0	0	31	137	TRUE	0.0349920141138136	0.740994553991186	2552	941	0.0341549327165053	3	8140749.9539875
20211011 213621	binary	custom	TRUE	TRUE	FALSE	-100	999983	-1	0	0	0	31	49	TRUE	0.0810390801657923	0.460921947291354	4519	161	0.0303563994298826	4	7928124.9580875
20211011 213750	binary	custom	TRUE	TRUE	FALSE	-100	999983	-1	0	0	0	31	82	TRUE	0.0465563828125596	0.118468318477971	1506	510	0.0315673412512115	5	8025624.95625
20211011 214146	binary	custom	TRUE	TRUE	FALSE	-100	999983	-1	0	0	0	31	156	TRUE	0.0447166028048378	0.522872231782821	6495	253	0.0327315449633654	6	7935999.955925
20211011 215214	binary	custom	TRUE	TRUE	FALSE	-100	999983	-1	0	0	0	31	118	TRUE	0.0376079310523346	0.672727746400051	3761	704	0.0328653859014451	7	8228124.9554375
20211011 215457	binary	custom	TRUE	TRUE	FALSE	-100	999983	-1	0	0	0	31	53	TRUE	0.0681480626401026	0.308211445590132	4835	430	0.0318222763697246	8	7938124.956625
20211011 215701	binary	custom	TRUE	TRUE	FALSE	-100	999983	-1	0	0	0	31	23	TRUE	0.0743804030423053	0.927799253194826	1795	771	0.0353573766873646	9	7841624.9551125
20211011 215919	binary	custom	TRUE	TRUE	FALSE	-100	999983	-1	0	0	0	31	135	TRUE	0.0253712795616593	0.168318275894853	4137	896	0.0304944892857616	10	7976874.9582625
20211011 220133	binary	custom	TRUE	TRUE	FALSE	-100	999983	-1	0	0	0	31	66	TRUE	0.0585364302096423	0.977227179573674	6135	585	0.0324936055137121	11	7996249.9573125
20211011 220812	binary	custom	TRUE	TRUE	FALSE	-100	999983	-1	0	0	0	31	316	TRUE	0.0141872852214146	0.428560850369104	5308	109	0.0370144549674724	12	7973874.953975
20211011 221213	binary	custom	TRUE	TRUE	FALSE	-100	999983	-1	0	0	0	31	80	TRUE	0.0236825462069828	0.875230423558969	1115	283	0.0361476755637205	13	8213124.953875
20211011 221404	binary	custom	TRUE	TRUE	FALSE	-100	999983	-1	0	0	0	31	90	TRUE	0.0761225619819015	0.228916816742276	2956	786	0.0316310750286091	14	8143374.956875
20211011 221553	binary	custom	TRUE	TRUE	FALSE	-100	999983	-1	0	0	0	31	36	TRUE	0.0866322962846607	0.800407060110592	2152	50	0.0301524513360069	15	7719624.9573
20211011 222220	binary	custom	TRUE	TRUE	FALSE	-100	999983	-1	0	0	0	31	284	TRUE	0.018503774687415	0.660093634834629	5654	998	0.0334368654593063	16	7988124.955875
20211011 222611	binary	custom	TRUE	TRUE	FALSE	-100	999983	-1	0	0	0	31	123	TRUE	0.0356761550169128	0.693073838257675	3343	749	0.0355039643871274	17	8005874.95395
20211011 222901	binary	custom	TRUE	TRUE	FALSE	-100	999983	-1	0	0	0	31	67	TRUE	0.0730338353974558	0.715923666617228	1581	585	0.0331691835852712	18	7764499.9566875
20211011 223053	binary	custom	TRUE	TRUE	FALSE	-100	999983	-1	0	0	0	31	36	TRUE	0.088210986180678	0.735624301910889	3174	872	0.0322514171519956	19	7794249.956025
20211011 223352	binary	custom	TRUE	TRUE	FALSE	-100	999983	-1	0	0	0	31	111	TRUE	0.0378655214732513	0.436239329040679	5362	234	0.0312231788372461	20	7953124.9574875
20211011 223622	binary	custom	TRUE	TRUE	FALSE	-100	999983	-1	0	0	0	31	85	TRUE	0.0674176127953269	0.974121350135677	6406	579	0.0325063522751826	21	7949374.955
20211011 223935	binary	custom	TRUE	TRUE	FALSE	-100	999983	-1	0	0	0	31	106	TRUE	0.0332817953316681	0.768011020806688	5020	885	0.0301567002542309	22	8066499.95725
20211011 224149	binary	custom	TRUE	TRUE	FALSE	-100	999983	-1	0	0	0	31	178	TRUE	0.035722781894803	0.117426738322387	6267	288	0.0321664387807159	23	7635624.956125
20211011 224340	binary	custom	TRUE	TRUE	FALSE	-100	999983	-1	0	0	0	31	36	TRUE	0.0896729680246673	0.659872455040179	3550	314	0.0288905224930148	24	7631624.9605625
20211011 224712	binary	custom	TRUE	TRUE	FALSE	-100	999983	-1	0	0	0	31	120	TRUE	0.0341875522706538	0.629574990229102	4396	694	0.0316183282758489	25	7985624.95665
20211011 225159	binary	custom	TRUE	TRUE	FALSE	-100	999983	-1	0	0	0	31	176	TRUE	0.0252387976754254	0.670469230670889	3880	678	0.0329779822469174	26	8011374.95525
20211011 225356	binary	custom	TRUE	TRUE	FALSE	-100	999983	-1	0	0	0	31	102	TRUE	0.0790001631217822	0.241359272875963	4027	715	0.0325530903794714	27	7961624.955925
20211011 225614	binary	custom	TRUE	TRUE	FALSE	-100	999983	-1	0	0	0	31	59	TRUE	0.0729058164913207	0.484377622415801	2543	920	0.0282106955087552	28	7934624.9610125
20211011 225810	binary	custom	TRUE	TRUE	FALSE	-100	999983	-1	0	0	0	31	64	TRUE	0.0780223263479583	0.371373854788928	2817	771	0.0238852963126348	29	7825124.9626
20211011 230306	binary	custom	TRUE	TRUE	FALSE	-100	999983	-1	0	0	0	31	175	TRUE	0.0199592769562826	0.68331983823427	3994	213	0.0322089279689051	30	8113624.9559375
20211011 230505	binary	custom	TRUE	TRUE	FALSE	-100	999983	-1	0	0	0	31	42	TRUE	0.0899242324221134	0.530313809819054	3213	110	0.028682325480915	31	7827124.960725
20211011 230737	binary	custom	TRUE	TRUE	FALSE	-100	999983	-1	0	0	0	31	68	TRUE	0.0537802544140816	0.964424182611075	3655	800	0.0307600467057834	32	7752499.9559625
20211011 231136	binary	custom	TRUE	TRUE	FALSE	-100	999983	-1	0	0	0	31	162	TRUE	0.0202156489595585	0.381392026528181	2965	726	0.0317457958327686	33	8033124.9574625
20211011 231338	binary	custom	TRUE	TRUE	FALSE	-100	999983	-1	0	0	0	31	41	TRUE	0.0781727420439012	0.630363938272628	2555	719	0.0297657997381011	34	8002749.9575875
20211011 231611	binary	custom	TRUE	TRUE	FALSE	-100	999983	-1	0	0	0	31	225	TRUE	0.047817674733121	0.102499842611514	3799	996	0.0341464348736838	35	7859999.956125
20211011 231957	binary	custom	TRUE	TRUE	FALSE	-100	999983	-1	0	0	0	31	117	TRUE	0.0335301788368821	0.856295300018508	3166	773	0.033742787601607	36	7888124.955625
20211011 232224	binary	custom	TRUE	TRUE	FALSE	-100	999983	-1	0	0	0	31	72	TRUE	0.0649523447387107	0.905233486025315	4438	1013	0.0338830019191474	37	7841624.9550125
20211011 234232	binary	custom	TRUE	TRUE	FALSE	-100	999983	-1	0	0	0	31	266	TRUE	0.0173900920117088	0.488623353827908	3702	739	0.03518741994523	38	8306874.9548375
20211011 234926	binary	custom	TRUE	TRUE	FALSE	-100	999983	-1	0	0	0	31	49	TRUE	0.0617847293559089	0.909563796412083	2534	653	0.0354466039832419	39	7856999.9556625
20211011 235156	binary	custom	TRUE	TRUE	FALSE	-100	999983	-1	0	0	0	31	62	TRUE	0.066830058319997	0.819000642385799	4342	952	0.0331904281755418	40	7917124.9558125
20211011 235429	binary	custom	TRUE	TRUE	FALSE	-100	999983	-1	0	0	0	31	72	TRUE	0.081021437034905	0.402887061624858	1692	250	0.0282319401007253	41	8071374.9600125
20211011 235818	binary	custom	TRUE	TRUE	FALSE	-100	999983	-1	0	0	0	31	143	TRUE	0.0402928258382343	0.684560301413061	4774	404	0.034282400269176	42	8145624.955575
20211012 000052	binary	custom	TRUE	TRUE	FALSE	-100	999983	-1	0	0	0	31	121	TRUE	0.0545263731375709	0.331051554654678	6420	860	0.0362793920397141	43	7814374.9545375
20211012 000220	binary	custom	TRUE	TRUE	FALSE	-100	999983	-1	0	0	0	31	70	TRUE	0.0824665586447529	0.200167848907807	5000	933	0.0337342897630344	44	7733249.955775
20211012 000440	binary	custom	TRUE	TRUE	FALSE	-100	999983	-1	0	0	0	31	60	TRUE	0.0548980128350481	0.963415902012098	4717	178	0.0309639947996591	45	7803499.9577125
20211012 001421	binary	custom	TRUE	TRUE	FALSE	-100	999983	-1	0	0	0	31	388	TRUE	0.0126768751889281	0.571853285110486	5140	763	0.0372184030645349	46	8090624.9532875
20211012 001648	binary	custom	TRUE	TRUE	FALSE	-100	999983	-1	0	0	0	31	92	TRUE	0.0508773702429049	0.380386800091667	3645	878	0.0292580539589122	47	8106874.9582125
20211012 001855	binary	custom	TRUE	TRUE	FALSE	-100	999983	-1	0	0	0	31	58	TRUE	0.0898403506366163	0.871807470440515	5563	174	0.034720038892569	48	7833124.9547
20211012 002043	binary	custom	TRUE	TRUE	FALSE	-100	999983	-1	0	0	0	31	41	TRUE	0.080820540709123	0.471630654015997	5271	410	0.029381272596758	49	7702124.959125
20211012 002301	binary	custom	TRUE	TRUE	FALSE	-100	999983	-1	0	0	0	31	71	TRUE	0.0738934039307386	0.683186660218076	5510	838	0.0337172940897132	50	8048124.955225
20211012 002858	binary	custom	TRUE	TRUE	FALSE	-100	999983	-1	0	0	0	31	248	TRUE	0.0213065650464222	0.747791009467328	6433	551	0.0356399297821948	51	7782124.9541625
20211012 003222	binary	custom	TRUE	TRUE	FALSE	-100	999983	-1	0	0	0	31	131	TRUE	0.0409018736214377	0.376415696164896	1294	287	0.0261669656398768	52	8211374.9584
20211012 003545	binary	custom	TRUE	TRUE	FALSE	-100	999983	-1	0	0	0	31	105	TRUE	0.0422557485220022	0.702888414803846	3257	821	0.0310149818255712	53	7993124.95665
20211012 003918	binary	custom	TRUE	TRUE	FALSE	-100	999983	-1	0	0	0	31	97	TRUE	0.0345463115403242	0.774507116683223	2214	381	0.0343758764849769	54	8070624.9544375
20211012 004201	binary	custom	TRUE	TRUE	FALSE	-100	999983	-1	0	0	0	31	71	TRUE	0.0836279674101062	0.574220833522803	4031	147	0.0274416412345669	55	7719874.959625
20211012 004617	binary	custom	TRUE	TRUE	FALSE	-100	999983	-1	0	0	0	31	133	TRUE	0.0230178534369729	0.717083923432464	3421	297	0.0311551961394999	56	7906874.956875
20211012 004907	binary	custom	TRUE	TRUE	FALSE	-100	999983	-1	0	0	0	31	102	TRUE	0.0511658328520507	0.641769715448329	6454	399	0.0299570010794291	57	8055624.95725
20211012 005053	binary	custom	TRUE	TRUE	FALSE	-100	999983	-1	0	0	0	31	69	TRUE	0.062754511849042	0.253027120539756	2444	143	0.0324936055175361	58	7797124.9560625
20211012 005323	binary	custom	TRUE	TRUE	FALSE	-100	999983	-1	0	0	0	31	42	TRUE	0.0544359231992438	0.901190532360016	1320	354	0.0359777188130881	59	7777124.955
20211012 005454	binary	custom	TRUE	TRUE	FALSE	-100	999983	-1	0	0	0	31	58	TRUE	0.0742000196274742	0.199155518839578	1421	363	0.025529627835521	60	7496499.9611375
20211012 005923	binary	custom	TRUE	TRUE	FALSE	-100	999983	-1	0	0	0	31	160	TRUE	0.0291967079264298	0.908304028430372	3758	574	0.0299315075679601	61	7842499.9573625
20211012 010357	binary	custom	TRUE	TRUE	FALSE	-100	999983	-1	0	0	0	31	164	TRUE	0.0154831448274851	0.365215786290215	1246	678	0.0360287058381503	62	8228124.95475
20211012 011123	binary	custom	TRUE	TRUE	FALSE	-100	999983	-1	0	0	0	31	462	TRUE	0.0107555727833509	0.316491898354935	3807	21	0.0306623215781318	63	8006749.9565
20211012 011431	binary	custom	TRUE	TRUE	FALSE	-100	999983	-1	0	0	0	31	94	TRUE	0.0461645023627207	0.770523561486229	3197	489	0.0329269952231298	64	7896874.956
20211012 011717	binary	custom	TRUE	TRUE	FALSE	-100	999983	-1	0	0	0	31	148	TRUE	0.0224126640768908	0.213574230519333	3519	538	0.0301057132295935	65	7737374.9573375
20211012 011951	binary	custom	TRUE	TRUE	FALSE	-100	999983	-1	0	0	0	31	68	TRUE	0.057924606492687	0.772457152525941	3341	393	0.0308875142656773	66	7543749.9573875
20211012 012138	binary	custom	TRUE	TRUE	FALSE	-100	999983	-1	0	0	0	31	64	TRUE	0.0865122083734907	0.369332399444794	2865	26	0.0319582417652169	67	8055999.95735
20211012 013139	binary	custom	TRUE	TRUE	FALSE	-100	999983	-1	0	0	0	31	454	TRUE	0.011387157986816	0.815169257568289	5451	938	0.0356080628897782	68	8137374.955325
20211012 013404	binary	custom	TRUE	TRUE	FALSE	-100	999983	-1	0	0	0	31	79	TRUE	0.0754410019209422	0.698774912910722	6416	31	0.0389179705245465	69	7789999.9537
20211012 013552	binary	custom	TRUE	TRUE	FALSE	-100	999983	-1	0	0	0	31	28	TRUE	0.0735661888982542	0.845558157932316	2959	389	0.0274756325778101	70	7781624.961425
20211012 013827	binary	custom	TRUE	TRUE	FALSE	-100	999983	-1	0	0	0	31	86	TRUE	0.0721116967679746	0.686017871951894	5827	106	0.03026079876368	71	8001249.9575
20211012 014337	binary	custom	TRUE	TRUE	FALSE	-100	999983	-1	0	0	0	31	201	TRUE	0.0179017488167062	0.485355197553895	4707	791	0.0309385012873404	72	8014374.957325
20211012 014626	binary	custom	TRUE	TRUE	FALSE	-100	999983	-1	0	0	0	31	81	TRUE	0.0525016933836974	0.934233920794446	3494	475	0.0257930607966433	73	7909374.9602
20211012 015010	binary	custom	TRUE	TRUE	FALSE	-100	999983	-1	0	0	0	31	115	TRUE	0.0340808687934093	0.569116508161672	3908	38	0.0258907859238699	74	7920624.958625
20211012 015116	binary	custom	TRUE	TRUE	FALSE	-100	999983	-1	0	0	0	31	32	TRUE	0.078511108138524	0.159324065321893	1389	711	0.0277688079671382	75	7749624.958775
20211012 015342	binary	custom	TRUE	TRUE	FALSE	-100	999983	-1	0	0	0	31	138	TRUE	0.0193184200487472	0.121568430168764	1062	811	0.0290434835635278	76	7768249.9593375
20211012 015622	binary	custom	TRUE	TRUE	FALSE	-100	999983	-1	0	0	0	31	81	TRUE	0.0575071332638897	0.490943454308715	2995	445	0.0311976853249274	77	7979374.957275
20211012 015758	binary	custom	TRUE	TRUE	FALSE	-100	999983	-1	0	0	0	31	48	TRUE	0.0580165207584761	0.319355085335672	4063	268	0.0298507781102306	78	8064374.958725
20211012 020221	binary	custom	TRUE	TRUE	FALSE	-100	999983	-1	0	0	0	31	97	TRUE	0.0183633222055435	0.95262688657688	1633	674	0.0341209413626397	79	7918124.955425
20211012 020411	binary	custom	TRUE	TRUE	FALSE	-100	999983	-1	0	0	0	31	34	TRUE	0.088798538037613	0.547786430923105	3819	793	0.0274416412294682	80	7494374.9601875
20211012 020556	binary	custom	TRUE	TRUE	FALSE	-100	999983	-1	0	0	0	31	31	TRUE	0.0885489357231371	0.836380475695594	4056	251	0.0282701803694158	81	7806124.9599125
20211012 020819	binary	custom	TRUE	TRUE	FALSE	-100	999983	-1	0	0	0	31	73	TRUE	0.066013987843059	0.722383553445083	5466	416	0.0317224267835984	82	7815624.955875
20211012 021147	binary	custom	TRUE	TRUE	FALSE	-100	999983	-1	0	0	0	31	73	TRUE	0.0409749276255257	0.854341933674505	1116	615	0.0296850702880196	83	8141874.957
20211012 023349	binary	custom	TRUE	TRUE	FALSE	-100	999983	-1	0	0	0	31	113	TRUE	0.0419818059716187	0.621307086950075	6322	55	0.0344523570193836	84	8330874.9546875
20211012 024416	binary	custom	TRUE	TRUE	FALSE	-100	999983	-1	0	0	0	31	55	TRUE	0.0558473255085386	0.524592610285943	1453	989	0.0281129703811036	85	7835874.9569
20211012 024635	binary	custom	TRUE	TRUE	FALSE	-100	999983	-1	0	0	0	31	100	TRUE	0.0469791436595097	0.254009607711574	4077	231	0.032102705002256	86	7974249.95475
20211012 025013	binary	custom	TRUE	TRUE	FALSE	-100	999983	-1	0	0	0	31	105	TRUE	0.0246495179072581	0.797727362997853	3361	1010	0.0285506089993979	87	7909374.95965
20211012 025216	binary	custom	TRUE	TRUE	FALSE	-100	999983	-1	0	0	0	31	106	TRUE	0.0334496254689619	0.151889331819024	1045	151	0.0336216934196866	88	7790624.956
20211012 025510	binary	custom	TRUE	TRUE	FALSE	-100	999983	-1	0	0	0	31	174	TRUE	0.0229459375848249	0.211661739532603	4891	976	0.0285251154906907	89	7797749.9585125
20211012 025837	binary	custom	TRUE	TRUE	FALSE	-100	999983	-1	0	0	0	31	83	TRUE	0.0322954085835069	0.594575987373921	2390	232	0.0314228780162969	90	8146874.95665
20211012 030120	binary	custom	TRUE	TRUE	FALSE	-100	999983	-1	0	0	0	31	96	TRUE	0.0384030318802409	0.43692203714801	6180	439	0.0324086271424323	91	7940874.956225
20211012 030446	binary	custom	TRUE	TRUE	FALSE	-100	999983	-1	0	0	0	31	149	TRUE	0.0223879631852172	0.320668346037739	2320	434	0.0326508155062732	92	8136874.9547
20211012 030602	binary	custom	TRUE	TRUE	FALSE	-100	999983	-1	0	0	0	31	59	TRUE	0.0857476656192541	0.175942024532473	5770	858	0.0359479763842449	93	7554749.95505
20211012 030900	binary	custom	TRUE	TRUE	FALSE	-100	999983	-1	0	0	0	31	99	TRUE	0.0365911541399919	0.424726277268934	2568	1019	0.0354848442566062	94	8204999.95395
20211012 031101	binary	custom	TRUE	TRUE	FALSE	-100	999983	-1	0	0	0	31	56	TRUE	0.0713427686090395	0.454927369985124	4215	1017	0.0318010317730807	95	7971874.9573
20211012 031637	binary	custom	TRUE	TRUE	FALSE	-100	999983	-1	0	0	0	31	248	TRUE	0.0187559457196295	0.469007944307895	5902	493	0.0337385386808336	96	7843124.9564125
20211012 031900	binary	custom	TRUE	TRUE	FALSE	-100	999983	-1	0	0	0	31	75	TRUE	0.0708868729008362	0.91606955644486	6064	577	0.0346987943003864	97	8153374.9572375
20211012 032846	binary	custom	TRUE	TRUE	FALSE	-100	999983	-1	0	0	0	31	448	TRUE	0.0110702305533737	0.695623243039055	6018	461	0.034001971643018	98	8112124.9546125
20211012 033151	binary	custom	TRUE	TRUE	FALSE	-100	999983	-1	0	0	0	31	177	TRUE	0.0214052769451961	0.196053980156803	2488	274	0.0286440852124369	99	7899374.9587625
20211012 033512	binary	custom	TRUE	TRUE	FALSE	-100	999983	-1	0	0	0	31	126	TRUE	0.0331314454545453	0.370105735286977	1465	239	0.0283891500932865	100	8068874.9585
20211012 033933	binary	custom	TRUE	TRUE	FALSE	-100	999983	-1	0	0	0	31	283	TRUE	0.02363437875662	0.263804436316504	6445	644	0.0407662501376969	101	7925374.9527875
20211012 034134	binary	custom	TRUE	TRUE	FALSE	-100	999983	-1	0	0	0	31	118	TRUE	0.0356065705560148	0.147536374114733	2223	477	0.0306750683323791	102	7931999.9570875
20211012 034448	binary	custom	TRUE	TRUE	FALSE	-100	999983	-1	0	0	0	31	81	TRUE	0.0433209325035289	0.579045248592016	1967	103	0.0316353239504448	103	8177124.956525
20211012 034744	binary	custom	TRUE	TRUE	FALSE	-100	999983	-1	0	0	0	31	85	TRUE	0.0593407784147374	0.924664785929676	2791	95	0.034477850529153	104	7793374.9554625
20211012 035049	binary	custom	TRUE	TRUE	FALSE	-100	999983	-1	0	0	0	31	58	TRUE	0.0348087538904324	0.999669843316427	1360	319	0.0322896574200488	105	8074374.9573
20211012 035408	binary	custom	TRUE	TRUE	FALSE	-100	999983	-1	0	0	0	31	88	TRUE	0.0599487062580883	0.739026515573799	1624	694	0.0242039652149189	106	7993499.9615375
20211012 035610	binary	custom	TRUE	TRUE	FALSE	-100	999983	-1	0	0	0	31	122	TRUE	0.0562608514695242	0.197333927904	5649	195	0.0358799936862863	107	7839374.9548625
20211012 035812	binary	custom	TRUE	TRUE	FALSE	-100	999983	-1	0	0	0	31	50	TRUE	0.0854166515818797	0.619690122362599	4552	623	0.0355613247865515	108	8011249.955025
20211012 035959	binary	custom	TRUE	TRUE	FALSE	-100	999983	-1	0	0	0	31	16	TRUE	0.0887080155907571	0.873812612635875	1355	927	0.0341251902791643	109	7565624.9586625
20211012 040320	binary	custom	TRUE	TRUE	FALSE	-100	999983	-1	0	0	0	31	168	TRUE	0.0210356962046027	0.30418322605018	6439	149	0.0351449307549163	110	7813999.9557875
20211012 040558	binary	custom	TRUE	TRUE	FALSE	-100	999983	-1	0	0	0	31	75	TRUE	0.0425919271285459	0.479813251504977	3730	724	0.0312359255927681	111	7899374.957775
20211012 041031	binary	custom	TRUE	TRUE	FALSE	-100	999983	-1	0	0	0	31	295	TRUE	0.012085507917963	0.19160190150952	3881	140	0.0311573205973373	112	7917124.9574125
20211012 041539	binary	custom	TRUE	TRUE	FALSE	-100	999983	-1	0	0	0	31	209	TRUE	0.0190600209217146	0.687088111803751	6314	570	0.0284231414403537	113	7992374.959025
20211012 041813	binary	custom	TRUE	TRUE	FALSE	-100	999983	-1	0	0	0	31	68	TRUE	0.0662238893082552	0.899921012111078	3233	110	0.0259035326757803	114	7733999.9589
20211012 042213	binary	custom	TRUE	TRUE	FALSE	-100	999983	-1	0	0	0	31	224	TRUE	0.0156990846062265	0.206060160265514	1709	1018	0.0304158842926677	115	8025124.9576
20211012 042518	binary	custom	TRUE	TRUE	FALSE	-100	999983	-1	0	0	0	31	103	TRUE	0.0450620646621287	0.887867181015876	5178	651	0.0373947331850679	116	8197124.954725
20211012 042917	binary	custom	TRUE	TRUE	FALSE	-100	999983	-1	0	0	0	31	142	TRUE	0.0231682248982787	0.980267191101052	6195	259	0.0314313758493459	117	7708249.9579
20211012 043144	binary	custom	TRUE	TRUE	FALSE	-100	999983	-1	0	0	0	31	65	TRUE	0.0765195157204941	0.598122210440412	4410	160	0.0291114662661602	118	7867624.9581625
20211012 043259	binary	custom	TRUE	TRUE	FALSE	-100	999983	-1	0	0	0	31	71	TRUE	0.0838875551441312	0.125185905673285	4309	159	0.0281002236251567	119	7488124.960875
20211012 043703	binary	custom	TRUE	TRUE	FALSE	-100	999983	-1	0	0	0	31	147	TRUE	0.0295422273044102	0.864753385010664	4851	678	0.0348857467203036	120	7915749.9563375
20211012 044259	binary	custom	TRUE	TRUE	FALSE	-100	999983	-1	0	0	0	31	233	TRUE	0.0180311141435243	0.855784194315993	4768	940	0.0330587116969989	121	7885749.9566375
20211012 044721	binary	custom	TRUE	TRUE	FALSE	-100	999983	-1	0	0	0	31	154	TRUE	0.0221064527454972	0.765590981786908	4885	238	0.0330927030466155	122	7836874.9544375
20211012 045056	binary	custom	TRUE	TRUE	FALSE	-100	999983	-1	0	0	0	31	124	TRUE	0.0279539189449884	0.916350356196263	6093	319	0.0301312067380882	123	7791124.9593125
20211012 045243	binary	custom	TRUE	TRUE	FALSE	-100	999983	-1	0	0	0	31	72	TRUE	0.0691091903297417	0.304586166324629	5790	829	0.0314993585479418	124	7952624.9559875
20211012 045428	binary	custom	TRUE	TRUE	FALSE	-100	999983	-1	0	0	0	31	94	TRUE	0.0638205054929107	0.213140108554647	6374	236	0.0307005618434231	125	7770624.9575375
20211012 045947	binary	custom	TRUE	TRUE	FALSE	-100	999983	-1	0	0	0	31	290	TRUE	0.011882366392985	0.286784006757895	4291	762	0.0285336133290509	126	7860124.9579
20211012 050345	binary	custom	TRUE	TRUE	FALSE	-100	999983	-1	0	0	0	31	137	TRUE	0.0271205316588655	0.903029600488232	2097	44	0.0334623589733246	127	8084374.95475
20211012 050540	binary	custom	TRUE	TRUE	FALSE	-100	999983	-1	0	0	0	31	120	TRUE	0.0386372447889671	0.133082668497181	2670	372	0.0334836035631703	128	7665499.95625
20211012 050818	binary	custom	TRUE	TRUE	FALSE	-100	999983	-1	0	0	0	31	74	TRUE	0.0682581035708077	0.577540661794506	4574	395	0.0309087588587096	129	7863874.957425
20211012 051151	binary	custom	TRUE	TRUE	FALSE	-100	999983	-1	0	0	0	31	122	TRUE	0.0421707207705081	0.62884219073453	4142	246	0.0335558351836018	130	7789374.9555
20211012 051454	binary	custom	TRUE	TRUE	FALSE	-100	999983	-1	0	0	0	31	98	TRUE	0.0452541794901155	0.653216840942344	4567	935	0.0367680176873195	131	7880249.953825
20211012 051721	binary	custom	TRUE	TRUE	FALSE	-100	999983	-1	0	0	0	31	74	TRUE	0.083582915835008	0.564089236870292	6499	928	0.0346817986226038	132	8003124.955875
20211012 052049	binary	custom	TRUE	TRUE	FALSE	-100	999983	-1	0	0	0	31	130	TRUE	0.0372289101321064	0.895810995570454	6230	50	0.032145194185559	133	7858499.9553
20211012 052653	binary	custom	TRUE	TRUE	FALSE	-100	999983	-1	0	0	0	31	196	TRUE	0.0179534242946282	0.985143405329599	2189	662	0.0310999601994003	134	7906874.9567625
20211012 055134	binary	custom	TRUE	TRUE	FALSE	-100	999983	-1	0	0	0	31	107	TRUE	0.0399050586908497	0.399033642892586	1592	853	0.0320049798767289	135	8442499.9549
20211012 055918	binary	custom	TRUE	TRUE	FALSE	-100	999983	-1	0	0	0	31	48	TRUE	0.0762512926501967	0.866298887972534	5219	747	0.0279812539012861	136	8058874.95795
20211012 060328	binary	custom	TRUE	TRUE	FALSE	-100	999983	-1	0	0	0	31	93	TRUE	0.0326105062675849	0.763551358571532	1503	146	0.0332541619591003	137	7945499.9548375
20211012 060623	binary	custom	TRUE	TRUE	FALSE	-100	999983	-1	0	0	0	31	96	TRUE	0.0395217505561374	0.644350323481252	6472	705	0.0315758390861725	138	7902124.9575
20211012 061012	binary	custom	TRUE	TRUE	FALSE	-100	999983	-1	0	0	0	31	243	TRUE	0.0339787461945601	0.249136901022005	6462	486	0.0313846377484562	139	7874124.9563125
20211012 061241	binary	custom	TRUE	TRUE	FALSE	-100	999983	-1	0	0	0	31	69	TRUE	0.050550059269648	0.34551758010604	1481	555	0.0294556286767265	140	7871874.957375
20211012 061430	binary	custom	TRUE	TRUE	FALSE	-100	999983	-1	0	0	0	31	52	TRUE	0.0400684700744227	0.299583487181342	1862	322	0.0275478642003661	141	8181874.9582
20211012 061621	binary	custom	TRUE	TRUE	FALSE	-100	999983	-1	0	0	0	31	26	TRUE	0.0842860434224084	0.794010410489817	2366	862	0.0369294765913064	142	7581874.95475
20211012 061848	binary	custom	TRUE	TRUE	FALSE	-100	999983	-1	0	0	0	31	82	TRUE	0.0648587466724776	0.401340392496344	4502	622	0.0322811595859375	143	8307124.954875
20211012 062054	binary	custom	TRUE	TRUE	FALSE	-100	999983	-1	0	0	0	31	108	TRUE	0.0222917021281086	0.157345719506242	2398	719	0.0275478641982417	144	7720124.959625
20211012 062326	binary	custom	TRUE	TRUE	FALSE	-100	999983	-1	0	0	0	31	87	TRUE	0.0614940486249887	0.397608983318415	2112	815	0.0317967828548566	145	7983124.955475
20211012 062636	binary	custom	TRUE	TRUE	FALSE	-100	999983	-1	0	0	0	31	219	TRUE	0.0234106697564945	0.173638870765595	4831	731	0.0335940754501679	146	7884374.955525
20211012 062829	binary	custom	TRUE	TRUE	FALSE	-100	999983	-1	0	0	0	31	21	TRUE	0.0869177825899795	0.799597129878076	1614	1021	0.0333221446555717	147	7788249.954775
20211012 063017	binary	custom	TRUE	TRUE	FALSE	-100	999983	-1	0	0	0	31	81	TRUE	0.0605756432142295	0.246322127698571	3769	59	0.0308365272393403	148	8135874.9575125
20211012 063254	binary	custom	TRUE	TRUE	FALSE	-100	999983	-1	0	0	0	31	132	TRUE	0.0481939120844379	0.314204794740933	5936	108	0.0315078563850273	149	7938124.95675
20211012 063815	binary	custom	TRUE	TRUE	FALSE	-100	999983	-1	0	0	0	31	161	TRUE	0.0247346729398705	0.552273014709749	1789	388	0.034244160006434	150	7970124.953925
20211012 064038	binary	custom	TRUE	TRUE	FALSE	-100	999983	-1	0	0	0	31	48	TRUE	0.0876225226901472	0.737446850959607	1722	498	0.0305688453682794	151	8268499.956775
20211012 064456	binary	custom	TRUE	TRUE	FALSE	-100	999983	-1	0	0	0	31	158	TRUE	0.0286571246234514	0.618664244750421	5041	812	0.0335218438327105	152	8129624.9554125
20211012 064830	binary	custom	TRUE	TRUE	FALSE	-100	999983	-1	0	0	0	31	97	TRUE	0.0351590017567948	0.699432512137364	2174	628	0.0327697852305687	153	7956874.955625
20211012 065045	binary	custom	TRUE	TRUE	FALSE	-100	999983	-1	0	0	0	31	59	TRUE	0.0676664551518299	0.492401009568176	3088	796	0.0278792798541358	154	8022374.9583375
20211012 065252	binary	custom	TRUE	TRUE	FALSE	-100	999983	-1	0	0	0	31	51	TRUE	0.0888155843699351	0.650432705142791	3450	78	0.0305093605076188	155	7661124.956925
20211012 065502	binary	custom	TRUE	TRUE	FALSE	-100	999983	-1	0	0	0	31	54	TRUE	0.068442591513358	0.930927747850423	4364	343	0.0361391777234484	156	8260499.9552
20211012 065747	binary	custom	TRUE	TRUE	FALSE	-100	999983	-1	0	0	0	31	112	TRUE	0.0278775979744457	0.348427509442042	4359	824	0.0295597271819266	157	8004374.9583625
20211012 065924	binary	custom	TRUE	TRUE	FALSE	-100	999983	-1	0	0	0	31	33	TRUE	0.0565860165369324	0.332031101642409	1194	640	0.0325042278088474	158	8025124.9579625
20211012 070132	binary	custom	TRUE	TRUE	FALSE	-100	999983	-1	0	0	0	31	71	TRUE	0.0810639778465405	0.448730958001176	5671	726	0.0318647655532401	159	7892374.9572875
20211012 070341	binary	custom	TRUE	TRUE	FALSE	-100	999983	-1	0	0	0	31	79	TRUE	0.0471676567303203	0.307823388262768	2285	983	0.0313017838335266	160	8398124.9564375
20211012 070601	binary	custom	TRUE	TRUE	FALSE	-100	999983	-1	0	0	0	31	40	TRUE	0.049090455441121	0.870953536618641	1942	376	0.0311127069502485	161	8047999.9569125
20211012 071122	binary	custom	TRUE	TRUE	FALSE	-100	999983	-1	0	0	0	31	176	TRUE	0.017816980074048	0.731373713323567	3125	594	0.0308832653466034	162	8039249.9561625
20211012 071316	binary	custom	TRUE	TRUE	FALSE	-100	999983	-1	0	0	0	31	33	TRUE	0.0552753778711148	0.479208899840596	2157	895	0.0339594824527043	163	7989374.957825
20211012 071456	binary	custom	TRUE	TRUE	FALSE	-100	999983	-1	0	0	0	31	10	TRUE	0.0639393110418692	0.88039967194018	1677	273	0.027853786330345	164	7914374.964375
20211012 071701	binary	custom	TRUE	TRUE	FALSE	-100	999983	-1	0	0	0	31	52	TRUE	0.0691858148624375	0.732710423911642	4945	430	0.0368444982183271	165	7823624.954225
20211012 071908	binary	custom	TRUE	TRUE	FALSE	-100	999983	-1	0	0	0	31	55	TRUE	0.0715979307790287	0.869488921309798	4826	664	0.0353573766903389	166	7799374.95775
