fecha	objective	metric	first_metric_only	boost_from_average	feature_pre_filter	verbosity	seed	max_depth	min_gain_to_split	num_iterations	force_row_wise	learning_rate	feature_fraction	min_data_in_leaf	num_leaves	lambda_l1	lambda_l2	max_bin	ratio_corte	iteracion_bayesiana	ganancia
20211014 191432	binary	custom	TRUE	TRUE	FALSE	-100	999983	-1	0	63	TRUE	0.0591880201282246	0.31404532617723	6439	401	7	73	8	0.0265748617451992	1	1131124.988275
20211014 191509	binary	custom	TRUE	TRUE	FALSE	-100	999983	-1	0	85	TRUE	0.0282605465474938	0.74143302938402	5160	179	11	23	15	0.0432858588910106	2	6870624.9545
20211014 191531	binary	custom	TRUE	TRUE	FALSE	-100	999983	-1	0	25	TRUE	0.0772911391194378	0.762671857959192	414	415	6	80	14	0.0502115962968996	3	6002624.9530625
20211014 191554	binary	custom	TRUE	TRUE	FALSE	-100	999983	-1	0	14	TRUE	0.0544820918302451	0.64886421097825	3104	473	2	35	20	0.035272398311836	4	7835749.9566
20211014 191614	binary	custom	TRUE	TRUE	FALSE	-100	999983	-1	0	44	TRUE	0.0422136116047789	0.487815679198164	5458	563	17	11	7	0.00702558699583924	5	681374.9970625
20211014 191636	binary	custom	TRUE	TRUE	FALSE	-100	999983	-1	0	41	TRUE	0.0358576650864312	0.6864241187178	4160	789	18	37	17	0.0395000723711696	6	6986749.9550125
20211014 191659	binary	custom	TRUE	TRUE	FALSE	-100	999983	-1	0	44	TRUE	0.0541851109126583	0.841728778719802	3456	938	11	59	9	0.0368657427484755	7	1779499.9730375
20211014 191717	binary	custom	TRUE	TRUE	FALSE	-100	999983	-1	0	34	TRUE	0.0762602851433413	0.472387876293422	1495	148	9	62	13	0.0501563603519137	8	5573624.953
20211014 191746	binary	custom	TRUE	TRUE	FALSE	-100	999983	-1	0	115	TRUE	0.0904656308570078	0.36191517177753	7772	820	13	57	8	0.0191987389591207	9	953374.9874125
20211014 191800	binary	custom	TRUE	TRUE	FALSE	-100	999983	-1	0	27	TRUE	0.0692091588190358	0.268420327639407	1821	699	12	44	6	0.00297211859962614	10	328124.9985875
20211014 191815	binary	custom	TRUE	TRUE	FALSE	-100	999983	-1	0	18	TRUE	0.0681288139402334	0.333202407237176	7419	350	4	31	11	0.0499396654799967	11	3320999.9575625
20211014 191841	binary	custom	TRUE	TRUE	FALSE	-100	999983	-1	0	90	TRUE	0.0325483271845483	0.190786999124768	7690	622	10	67	16	0.0395255658769024	12	6823874.9572625
20211014 191904	binary	custom	TRUE	TRUE	FALSE	-100	999983	-1	0	39	TRUE	0.0467763687384182	0.227856700095747	1519	736	12	47	19	0.0355910672060471	13	7863249.9577625
20211014 191921	binary	custom	TRUE	TRUE	FALSE	-100	999983	-1	0	25	TRUE	0.0953494817384386	0.908569974739138	6070	205	15	19	15	0.0444925517892292	14	6682124.9542
20211014 191938	binary	custom	TRUE	TRUE	FALSE	-100	999983	-1	0	26	TRUE	0.0979648490522855	0.538510552934271	840	849	14	76	13	0.0507214665347756	15	5455624.9550625
20211014 192004	binary	custom	TRUE	TRUE	FALSE	-100	999983	-1	0	31	TRUE	0.0501424960499363	0.80437001351633	131	286	1	26	12	0.056062357280351	16	4474499.95265
20211014 192030	binary	custom	TRUE	TRUE	FALSE	-100	999983	-1	0	71	TRUE	0.0390515373880044	0.560309942598022	4702	249	20	70	9	0.0376432948631484	17	1725749.972475
20211014 192058	binary	custom	TRUE	TRUE	FALSE	-100	999983	-1	0	52	TRUE	0.0204672412421288	0.600382833097995	2149	21	0	86	18	0.0386205462116832	18	7566999.9555625
20211014 192114	binary	custom	TRUE	TRUE	FALSE	-100	999983	-1	0	27	TRUE	0.086950474003596	0.418385827002515	5874	911	5	10	14	0.0470992633816451	19	6159499.954125
20211014 192130	binary	custom	TRUE	TRUE	FALSE	-100	999983	-1	0	19	TRUE	0.0656948771274516	0.815605078958574	6773	505	15	83	19	0.0361689201471929	20	7755874.95655
20211014 192147	binary	custom	TRUE	TRUE	FALSE	-100	999983	-1	0	28	TRUE	0.0722879773338458	0.988370118771646	4413	524	0	53	6	0.00220731324153742	21	348374.99875
20211014 192204	binary	custom	TRUE	TRUE	FALSE	-100	999983	-1	0	51	TRUE	0.0622812462418473	0.229942526551895	5626	960	19	90	10	0.0416117848961547	22	2979374.967525
20211014 192219	binary	custom	TRUE	TRUE	FALSE	-100	999983	-1	0	41	TRUE	0.0914446909466226	0.153393768717901	3655	298	4	42	20	0.0361944136586618	23	7857624.9562
20211014 192235	binary	custom	TRUE	TRUE	FALSE	-100	999983	-1	0	27	TRUE	0.0853862267539704	0.88623547413902	2587	633	19	4	12	0.0461857458551215	24	4423624.95825
20211014 192259	binary	custom	TRUE	TRUE	FALSE	-100	999983	-1	0	80	TRUE	0.0300165427748912	0.423671039377639	3964	104	6	1	5	0.00137877410286443	25	120124.999525
20211014 192317	binary	custom	TRUE	TRUE	FALSE	-100	999983	-1	0	51	TRUE	0.0449613344037373	0.119827415855668	1151	670	3	94	11	0.0459286862681488	26	3639624.960325
20211014 192332	binary	custom	TRUE	TRUE	FALSE	-100	999983	-1	0	28	TRUE	0.0812074517990862	0.941645834800355	2837	71	17	99	7	0.00528353034636368	27	659999.9970625
20211014 192408	binary	custom	TRUE	TRUE	FALSE	-100	999983	-1	0	118	TRUE	0.0248017051829291	0.631694629308601	7031	997	8	15	17	0.0409999406536175	28	7104499.956175
20211014 192423	binary	custom	TRUE	TRUE	FALSE	-100	999983	-1	0	16	TRUE	0.0647894392418595	0.440819640397994	4215	222	9	53	19	0.0361859158213638	29	7750874.956675
20211014 192438	binary	custom	TRUE	TRUE	FALSE	-100	999983	-1	0	22	TRUE	0.0840995286752968	0.365479559559331	2393	823	6	85	20	0.0362921387909871	30	7828124.955625
20211014 192456	binary	custom	TRUE	TRUE	FALSE	-100	999983	-1	0	52	TRUE	0.0427760454645744	0.147429774784203	3857	582	4	72	20	0.0335005992282061	31	7794374.958775
20211014 192509	binary	custom	TRUE	TRUE	FALSE	-100	999983	-1	0	15	TRUE	0.0735591273965688	0.19761774489041	1924	513	3	48	19	0.035548578021257	32	7771999.9575125
20211014 192531	binary	custom	TRUE	TRUE	FALSE	-100	999983	-1	0	29	TRUE	0.0471115816614195	0.356465523700252	1778	332	11	65	20	0.0355698226172636	33	7840749.9564125
20211014 192555	binary	custom	TRUE	TRUE	FALSE	-100	999983	-1	0	37	TRUE	0.0914094164320951	0.196285584264735	3017	731	12	23	20	0.0329864800680695	34	7948499.95985
20211014 192608	binary	custom	TRUE	TRUE	FALSE	-100	999983	-1	0	15	TRUE	0.0920130610860497	0.543607586507539	6084	663	7	58	20	0.0352001666939537	35	7821999.957025
20211014 192627	binary	custom	TRUE	TRUE	FALSE	-100	999983	-1	0	32	TRUE	0.0446287684320989	0.887370724444172	6266	273	3	89	20	0.0358332555751992	36	7820624.956175
20211014 192641	binary	custom	TRUE	TRUE	FALSE	-100	999983	-1	0	20	TRUE	0.0525552376062052	0.197342354686712	2165	823	8	11	20	0.0342824002606782	37	7863124.9583625
20211014 192708	binary	custom	TRUE	TRUE	FALSE	-100	999983	-1	0	63	TRUE	0.0203279398255694	0.775287116395897	5758	570	8	83	19	0.03616042230947	38	7783374.9568
20211014 192721	binary	custom	TRUE	TRUE	FALSE	-100	999983	-1	0	31	TRUE	0.0775892774612754	0.118253150461008	2031	985	12	46	20	0.036041452591123	39	7856749.95535
20211014 192735	binary	custom	TRUE	TRUE	FALSE	-100	999983	-1	0	14	TRUE	0.0995085923715152	0.903618136731286	3188	424	11	78	20	0.0343291383670915	40	7827249.956975
20211014 192752	binary	custom	TRUE	TRUE	FALSE	-100	999983	-1	0	40	TRUE	0.0817339397932713	0.250081458438069	2716	616	10	44	20	0.0339764781177401	41	7790624.9586375
20211014 192809	binary	custom	TRUE	TRUE	FALSE	-100	999983	-1	0	15	TRUE	0.0999760695329644	0.798712611248952	5142	355	3	1	20	0.0331691835695502	42	7674999.9601375
20211014 192829	binary	custom	TRUE	TRUE	FALSE	-100	999983	-1	0	65	TRUE	0.0999326349173355	0.110266441612029	3601	976	6	19	19	0.0356335563944488	43	7819624.957175
20211014 192846	binary	custom	TRUE	TRUE	FALSE	-100	999983	-1	0	23	TRUE	0.0869193254069244	0.558153136534995	1024	923	13	17	20	0.0373097548067774	44	7761249.9563125
20211014 192904	binary	custom	TRUE	TRUE	FALSE	-100	999983	-1	0	29	TRUE	0.0600623991384288	0.779436050183559	5392	983	12	95	20	0.0355655736986147	45	7834624.9566875
20211014 192919	binary	custom	TRUE	TRUE	FALSE	-100	999983	-1	0	54	TRUE	0.0999946201075946	0.100305374892513	5279	834	14	89	20	0.0367085328156116	46	7900624.95655
20211014 192942	binary	custom	TRUE	TRUE	FALSE	-100	999983	-1	0	84	TRUE	0.0286383712476957	0.10012244675066	1352	238	13	14	19	0.0356951657146464	47	7723624.957125
20211014 193000	binary	custom	TRUE	TRUE	FALSE	-100	999983	-1	0	36	TRUE	0.0970705725774558	0.677333847535148	5349	374	3	99	19	0.0367680176754225	48	7791499.9570875
20211014 193013	binary	custom	TRUE	TRUE	FALSE	-100	999983	-1	0	36	TRUE	0.0986502066250876	0.101609643898717	5686	205	14	16	20	0.0329652354731251	49	7807499.95955
20211014 193037	binary	custom	TRUE	TRUE	FALSE	-100	999983	-1	0	43	TRUE	0.0434160665419297	0.848487829553339	1520	309	4	86	20	0.0356335563961484	50	7829374.957
20211014 193051	binary	custom	TRUE	TRUE	FALSE	-100	999983	-1	0	32	TRUE	0.0519192115830897	0.135297658274003	5703	905	15	19	20	0.0343333872870151	51	7798124.95765
20211014 193107	binary	custom	TRUE	TRUE	FALSE	-100	999983	-1	0	56	TRUE	0.0993814864468439	0.104289673817687	1461	385	14	86	19	0.0377707624850765	52	7775624.9555125
20211014 193123	binary	custom	TRUE	TRUE	FALSE	-100	999983	-1	0	24	TRUE	0.0854948785976669	0.661970483908158	5406	328	13	88	20	0.036122182042904	53	7813124.95625
20211014 193138	binary	custom	TRUE	TRUE	FALSE	-100	999983	-1	0	27	TRUE	0.0999743263440259	0.423507065930865	3569	938	15	75	20	0.0364450998602255	54	7740624.9562375
20211014 193153	binary	custom	TRUE	TRUE	FALSE	-100	999983	-1	0	43	TRUE	0.0985658200976355	0.100152597856752	1170	781	7	23	20	0.0352596515546144	55	7879124.9574375
20211014 193211	binary	custom	TRUE	TRUE	FALSE	-100	999983	-1	0	24	TRUE	0.0565118022243433	0.940306028512802	5415	755	3	78	19	0.0354423550541831	56	7788624.9574125
20211014 193230	binary	custom	TRUE	TRUE	FALSE	-100	999983	-1	0	33	TRUE	0.0410712484314357	0.988130648826562	5488	395	12	24	20	0.035654800990243	57	7828874.956525
20211014 193246	binary	custom	TRUE	TRUE	FALSE	-100	999983	-1	0	13	TRUE	0.0494715397569354	0.806800995165225	1855	84	11	24	19	0.0353106385760651	58	7760124.9575125
20211014 193312	binary	custom	TRUE	TRUE	FALSE	-100	999983	-1	0	53	TRUE	0.0254580421768994	0.768430703121448	1932	814	12	27	20	0.0354763464061366	59	7873124.956875
20211014 193326	binary	custom	TRUE	TRUE	FALSE	-100	999983	-1	0	34	TRUE	0.0999092585359156	0.106527405465007	6321	800	0	82	20	0.0355783204545616	60	7834624.9565375
20211014 193346	binary	custom	TRUE	TRUE	FALSE	-100	999983	-1	0	31	TRUE	0.0455957523037661	0.74780176378568	1858	777	12	89	20	0.0361051863683081	61	7856374.95645
20211014 193430	binary	custom	TRUE	TRUE	FALSE	-100	999983	-1	0	214	TRUE	0.0201482110649689	0.158150404539145	539	1010	9	87	20	0.0335685819272269	62	7920874.9585
20211014 193450	binary	custom	TRUE	TRUE	FALSE	-100	999983	-1	0	67	TRUE	0.0374176696019753	0.100124529859145	1671	984	9	98	19	0.0357652728725668	63	7788124.95855
20211014 193513	binary	custom	TRUE	TRUE	FALSE	-100	999983	-1	0	52	TRUE	0.0227407286912136	0.269304053174055	1249	909	1	69	20	0.0348729999562837	64	7908124.957375
20211014 193543	binary	custom	TRUE	TRUE	FALSE	-100	999983	-1	0	60	TRUE	0.0200360745915237	0.538516263047952	1228	280	3	29	20	0.0342484089119113	65	7864374.958375
20211014 193608	binary	custom	TRUE	TRUE	FALSE	-100	999983	-1	0	57	TRUE	0.0200170579498483	0.400012403755778	1349	879	9	73	20	0.0344566059282601	66	7863124.9575
20211014 193622	binary	custom	TRUE	TRUE	FALSE	-100	999983	-1	0	22	TRUE	0.0415563918613571	0.113212686535964	163	665	2	81	20	0.0367212795770821	67	7847124.9548625
20211014 193644	binary	custom	TRUE	TRUE	FALSE	-100	999983	-1	0	57	TRUE	0.0360711431392476	0.166861439931076	640	982	5	62	20	0.0338957486629849	68	7915749.957675
20211014 193658	binary	custom	TRUE	TRUE	FALSE	-100	999983	-1	0	17	TRUE	0.0996744792149541	0.30164103482014	3231	17	0	82	20	0.0338447616402595	69	7859374.958125
20211014 193731	binary	custom	TRUE	TRUE	FALSE	-100	999983	-1	0	72	TRUE	0.0209937281969946	0.817756473225064	3517	38	0	29	20	0.0344332368705921	70	7853749.9588625
20211014 193758	binary	custom	TRUE	TRUE	FALSE	-100	999983	-1	0	77	TRUE	0.0287391501392429	0.293587584013263	1120	149	0	62	20	0.0351066904813396	71	7841999.957775
20211014 193824	binary	custom	TRUE	TRUE	FALSE	-100	999983	-1	0	44	TRUE	0.0239267318332558	0.810345140173042	5430	321	0	26	19	0.0357440282808091	72	7785624.9565625
20211014 193850	binary	custom	TRUE	TRUE	FALSE	-100	999983	-1	0	60	TRUE	0.0212851913918139	0.874104671242647	5624	69	12	67	20	0.0352723983122609	73	7822624.956375
20211014 193927	binary	custom	TRUE	TRUE	FALSE	-100	999983	-1	0	127	TRUE	0.0276506846003524	0.976787573638589	7391	806	12	79	20	0.0328250211577092	74	7844624.9599125
20211014 194005	binary	custom	TRUE	TRUE	FALSE	-100	999983	-1	0	94	TRUE	0.020199231443608	0.914201795393785	1651	1024	0	60	20	0.0337895256944238	75	7823624.9596875
20211014 194022	binary	custom	TRUE	TRUE	FALSE	-100	999983	-1	0	21	TRUE	0.0999632883930876	0.897845283411198	7998	85	7	81	20	0.0350854458874574	76	7801999.95765
20211014 194036	binary	custom	TRUE	TRUE	FALSE	-100	999983	-1	0	31	TRUE	0.0998549041097311	0.161861840630128	6279	10	6	84	19	0.0361561733895464	77	7918124.9564
20211014 194048	binary	custom	TRUE	TRUE	FALSE	-100	999983	-1	0	15	TRUE	0.0999279195378942	0.180773502231974	6756	277	9	86	20	0.0345585799775349	78	7836999.95715
20211014 194103	binary	custom	TRUE	TRUE	FALSE	-100	999983	-1	0	16	TRUE	0.0996217600109612	0.202637195213275	5162	23	2	65	19	0.035191668853894	79	7745749.9577125
20211014 194118	binary	custom	TRUE	TRUE	FALSE	-100	999983	-1	0	18	TRUE	0.0942884479339442	0.931450123128208	7027	850	6	28	20	0.0341591816177337	80	7780749.95915
20211014 194137	binary	custom	TRUE	TRUE	FALSE	-100	999983	-1	0	40	TRUE	0.0385240495244492	0.329652176253142	1700	8	6	98	20	0.0354997154597681	81	7844374.95675
20211014 194156	binary	custom	TRUE	TRUE	FALSE	-100	999983	-1	0	21	TRUE	0.0361720304347959	0.74348557959209	6914	8	7	30	19	0.0362114093336825	82	7817124.95715
20211014 194215	binary	custom	TRUE	TRUE	FALSE	-100	999983	-1	0	57	TRUE	0.0346727379758223	0.100531171443596	768	875	13	29	20	0.0353382565517447	83	7759374.9594375
20211014 194251	binary	custom	TRUE	TRUE	FALSE	-100	999983	-1	0	81	TRUE	0.0500374069710737	0.179738143199559	942	1019	4	89	20	0.033938237849687	84	7928124.9585
20211014 194327	binary	custom	TRUE	TRUE	FALSE	-100	999983	-1	0	121	TRUE	0.0200402094594494	0.192250912833185	361	1023	4	83	20	0.0332329173535336	85	7891999.95885
20211014 194349	binary	custom	TRUE	TRUE	FALSE	-100	999983	-1	0	62	TRUE	0.0283044914980247	0.133230880815376	1188	786	6	85	20	0.0345925713233275	86	7867499.958175
20211014 194406	binary	custom	TRUE	TRUE	FALSE	-100	999983	-1	0	26	TRUE	0.0512280598353057	0.960491858906881	6460	8	11	90	19	0.0362454006832992	87	7796874.956575
20211014 194429	binary	custom	TRUE	TRUE	FALSE	-100	999983	-1	0	36	TRUE	0.0221329659380504	0.790950915338674	6038	817	4	35	20	0.035964972053742	88	7828124.956175
20211014 194452	binary	custom	TRUE	TRUE	FALSE	-100	999983	-1	0	64	TRUE	0.0522227832279092	0.198072422624957	1777	963	0	25	20	0.0327867808911432	89	7858374.959775
20211014 194517	binary	custom	TRUE	TRUE	FALSE	-100	999983	-1	0	35	TRUE	0.021340485345801	0.688716490842242	3409	251	7	13	20	0.035514586675252	90	7850749.9565375
20211014 194535	binary	custom	TRUE	TRUE	FALSE	-100	999983	-1	0	66	TRUE	0.0954311622766902	0.146811684442339	5284	740	12	12	20	0.0360032123186085	91	7909624.9568
20211014 194606	binary	custom	TRUE	TRUE	FALSE	-100	999983	-1	0	152	TRUE	0.0574921739915482	0.122707728794047	6113	161	12	89	19	0.0360881906922252	92	7782874.9578875
20211014 194621	binary	custom	TRUE	TRUE	FALSE	-100	999983	-1	0	24	TRUE	0.0482102093321399	0.191212937837566	382	1012	11	86	20	0.036283640954539	93	7830874.955575
20211014 194646	binary	custom	TRUE	TRUE	FALSE	-100	999983	-1	0	54	TRUE	0.0949769531220544	0.100137296063043	2777	930	4	84	20	0.0340657054093684	94	8030124.9583625
20211014 194701	binary	custom	TRUE	TRUE	FALSE	-100	999983	-1	0	17	TRUE	0.0979478905056522	0.913910609953537	6149	751	20	7	20	0.0353063896584783	95	7709874.957675
20211014 194714	binary	custom	TRUE	TRUE	FALSE	-100	999983	-1	0	6	TRUE	0.0938826576237146	0.715640183576003	6839	749	13	14	19	0.0368742406439836	96	7674499.9562625
20211014 194740	binary	custom	TRUE	TRUE	FALSE	-100	999983	-1	0	48	TRUE	0.0200493389187636	0.996367141303955	1417	626	20	65	20	0.0364450998636246	97	7764749.95575
20211014 194801	binary	custom	TRUE	TRUE	FALSE	-100	999983	-1	0	78	TRUE	0.0601181841391045	0.103240073577124	1587	8	5	82	20	0.0351321839951454	98	7903374.9569875
20211014 194823	binary	custom	TRUE	TRUE	FALSE	-100	999983	-1	0	34	TRUE	0.0966605189236152	0.178675803788014	2666	8	20	11	20	0.0353148874923771	99	7825624.9579
20211014 194903	binary	custom	TRUE	TRUE	FALSE	-100	999983	-1	0	42	TRUE	0.0200129031252503	0.516997376920234	6274	12	20	24	20	0.0359012382740075	100	7833124.956175
20211014 194932	binary	custom	TRUE	TRUE	FALSE	-100	999983	-1	0	24	TRUE	0.0456705339395478	0.545666876333683	3183	8	15	15	20	0.0349579783305377	101	7814374.957025
20211014 195006	binary	custom	TRUE	TRUE	FALSE	-100	999983	-1	0	73	TRUE	0.0200351980715878	0.690634671828772	6343	1018	20	59	20	0.0353871191162079	102	7788874.9563875
20211014 195031	binary	custom	TRUE	TRUE	FALSE	-100	999983	-1	0	48	TRUE	0.045559512402392	0.817627930546695	7857	31	20	98	20	0.0358927404362847	103	7837499.95625
20211014 195053	binary	custom	TRUE	TRUE	FALSE	-100	999983	-1	0	25	TRUE	0.0443816697255807	0.887315114495216	1640	736	0	3	20	0.0325700860357969	104	7740624.961425
20211014 195108	binary	custom	TRUE	TRUE	FALSE	-100	999983	-1	0	38	TRUE	0.0509804586732313	0.136442424184381	989	9	0	100	19	0.0342016708048607	105	7788124.9587625
20211014 195123	binary	custom	TRUE	TRUE	FALSE	-100	999983	-1	0	36	TRUE	0.0952062670674394	0.1517763167281	2194	8	7	20	20	0.0358545001633453	106	7857374.9581125
20211014 195144	binary	custom	TRUE	TRUE	FALSE	-100	999983	-1	0	55	TRUE	0.0435758929619867	0.555717047345094	6450	8	20	62	19	0.0350132142693627	107	7824874.9580375
20211014 195212	binary	custom	TRUE	TRUE	FALSE	-100	999983	-1	0	116	TRUE	0.0200166425092599	0.171088970376691	2474	142	20	92	20	0.0362475251453854	108	7812499.9555375
20211014 195228	binary	custom	TRUE	TRUE	FALSE	-100	999983	-1	0	21	TRUE	0.0963000215475528	0.999887736354521	2889	733	20	100	20	0.0360924396123612	109	7846874.95625
20211014 195244	binary	custom	TRUE	TRUE	FALSE	-100	999983	-1	0	18	TRUE	0.0949427730313045	0.798831323650548	6124	10	20	58	20	0.0345798245669557	110	7840874.958175
20211014 195309	binary	custom	TRUE	TRUE	FALSE	-100	999983	-1	0	89	TRUE	0.0200579115550212	0.191930701753512	5663	1022	11	54	20	0.034146434864761	111	7904624.9580625
20211014 195329	binary	custom	TRUE	TRUE	FALSE	-100	999983	-1	0	75	TRUE	0.0971893196137891	0.100880652819715	2106	896	2	93	20	0.0372906346692454	112	7847499.9567
20211014 195350	binary	custom	TRUE	TRUE	FALSE	-100	999983	-1	0	67	TRUE	0.0927126289443201	0.105414974796691	3808	1023	5	73	20	0.0360818173131895	113	7868249.957475
20211014 195405	binary	custom	TRUE	TRUE	FALSE	-100	999983	-1	0	28	TRUE	0.0250320106940561	0.118668279231603	7994	1022	5	90	20	0.0365640695853708	114	7893124.9553125
20211014 195426	binary	custom	TRUE	TRUE	FALSE	-100	999983	-1	0	76	TRUE	0.0451510672180447	0.105317583895763	6204	932	4	85	20	0.0343418851234633	115	7851624.9578
20211014 195441	binary	custom	TRUE	TRUE	FALSE	-100	999983	-1	0	37	TRUE	0.0978814264221013	0.232366803608983	7995	944	6	90	20	0.0336408135425597	116	7902124.958775
20211014 195524	binary	custom	TRUE	TRUE	FALSE	-100	999983	-1	0	130	TRUE	0.0200171460211737	0.145901529612989	7987	831	12	23	20	0.0347582791523367	117	7873249.9578125
20211014 195556	binary	custom	TRUE	TRUE	FALSE	-100	999983	-1	0	73	TRUE	0.0201061778610351	0.492155121903777	7992	28	4	85	19	0.0361094352856824	118	7825624.9567
20211014 195626	binary	custom	TRUE	TRUE	FALSE	-100	999983	-1	0	52	TRUE	0.0200101161321977	0.332088912857625	2901	15	4	51	19	0.0360796928551397	119	7834374.9567
20211014 195649	binary	custom	TRUE	TRUE	FALSE	-100	999983	-1	0	39	TRUE	0.0525450799755751	0.999948580003431	2751	936	15	56	20	0.0361349287975762	120	7876874.9567125
20211014 195711	binary	custom	TRUE	TRUE	FALSE	-100	999983	-1	0	34	TRUE	0.0475505635660876	0.615188359562666	8000	917	3	86	20	0.0353828701945846	121	7788749.956975
20211014 195734	binary	custom	TRUE	TRUE	FALSE	-100	999983	-1	0	67	TRUE	0.0460458628732436	0.101973054034706	7770	968	20	90	20	0.0348390086053924	122	7801874.957875
20211014 195757	binary	custom	TRUE	TRUE	FALSE	-100	999983	-1	0	45	TRUE	0.0548720534590036	0.820531080615879	3013	10	20	94	20	0.0364960868848629	123	7838124.956125
20211014 195832	binary	custom	TRUE	TRUE	FALSE	-100	999983	-1	0	81	TRUE	0.0200636813866133	0.983574090055131	7120	255	20	100	19	0.0362496496015232	124	7793624.956925
20211014 195904	binary	custom	TRUE	TRUE	FALSE	-100	999983	-1	0	56	TRUE	0.0200535444430912	0.530184167303431	567	186	15	87	19	0.035816259895717	125	7778374.95705
20211014 195937	binary	custom	TRUE	TRUE	FALSE	-100	999983	-1	0	96	TRUE	0.0200235195688788	0.239125904202845	8000	11	19	30	19	0.0351491796661297	126	7949374.9582625
20211014 200014	binary	custom	TRUE	TRUE	FALSE	-100	999983	-1	0	73	TRUE	0.0201028038236647	0.549183639045838	7999	180	16	18	19	0.0352171623653629	127	7739374.957775
20211014 200058	binary	custom	TRUE	TRUE	FALSE	-100	999983	-1	0	171	TRUE	0.0200275659972606	0.148445388300304	7998	17	14	57	20	0.0336025732749315	128	7821874.958975
20211014 200119	binary	custom	TRUE	TRUE	FALSE	-100	999983	-1	0	56	TRUE	0.083916386157359	0.116711899351554	7823	8	20	21	19	0.0358927404337353	129	7791874.9566625
20211014 200140	binary	custom	TRUE	TRUE	FALSE	-100	999983	-1	0	36	TRUE	0.0446329132027482	0.27432966431283	7188	8	3	1	20	0.0334963503070077	130	7796624.9590625
20211014 200204	binary	custom	TRUE	TRUE	FALSE	-100	999983	-1	0	84	TRUE	0.0972716555364488	0.107619104481222	2942	8	19	53	19	0.0356590499054928	131	7855874.957725
20211014 200227	binary	custom	TRUE	TRUE	FALSE	-100	999983	-1	0	32	TRUE	0.0200655156974252	0.110560274895907	7361	950	8	35	19	0.0358502512470332	132	7915749.9568125
20211014 200245	binary	custom	TRUE	TRUE	FALSE	-100	999983	-1	0	35	TRUE	0.0966644647666616	0.106513126306483	6313	912	20	81	19	0.0368105068653113	133	7820624.955875
20211014 200324	binary	custom	TRUE	TRUE	FALSE	-100	999983	-1	0	171	TRUE	0.0258676104281365	0.155887004066202	7625	10	6	23	19	0.0353425054655074	134	7905624.95865
20211014 200348	binary	custom	TRUE	TRUE	FALSE	-100	999983	-1	0	47	TRUE	0.0462520208494213	0.523486309817793	2856	49	2	86	20	0.035297891820968	135	7854624.9573375
20211014 200411	binary	custom	TRUE	TRUE	FALSE	-100	999983	-1	0	91	TRUE	0.0956348936214966	0.156744579689138	3950	13	13	0	18	0.0386375418801181	136	7663124.9572125
20211014 200441	binary	custom	TRUE	TRUE	FALSE	-100	999983	-1	0	99	TRUE	0.0200699335376386	0.249796188165079	7345	914	5	90	19	0.0350557034558524	137	7899374.958025
20211014 200514	binary	custom	TRUE	TRUE	FALSE	-100	999983	-1	0	121	TRUE	0.0200110215329438	0.103431549870739	5937	897	10	4	19	0.0358799936752391	138	7896874.9576
20211014 200541	binary	custom	TRUE	TRUE	FALSE	-100	999983	-1	0	95	TRUE	0.0200035296699108	0.149148385787295	6595	740	15	36	19	0.0359139850274051	139	7883124.9567625
20211014 200606	binary	custom	TRUE	TRUE	FALSE	-100	999983	-1	0	58	TRUE	0.0518239906728443	0.619231652670324	100	8	4	56	20	0.0359564742147445	140	7797124.9566875
20211014 200633	binary	custom	TRUE	TRUE	FALSE	-100	999983	-1	0	32	TRUE	0.0200236640950134	0.647883189799686	825	954	2	26	19	0.035816259897629	141	7813124.957
20211014 200708	binary	custom	TRUE	TRUE	FALSE	-100	999983	-1	0	98	TRUE	0.0200127701547435	0.90477885003893	2958	948	15	99	20	0.0358587490845436	142	7851874.956875
20211014 200730	binary	custom	TRUE	TRUE	FALSE	-100	999983	-1	0	37	TRUE	0.0994603650467395	0.829511068825493	2789	937	7	23	20	0.0353616255970909	143	7829999.958725
20211014 200744	binary	custom	TRUE	TRUE	FALSE	-100	999983	-1	0	28	TRUE	0.0970209215498485	0.101926762744856	1986	876	20	82	20	0.036415357432657	144	7895624.955375
20211014 200810	binary	custom	TRUE	TRUE	FALSE	-100	999983	-1	0	86	TRUE	0.0200147387502213	0.147451153231169	2761	1005	20	58	20	0.03429514701705	145	7810624.9582375
20211014 200826	binary	custom	TRUE	TRUE	FALSE	-100	999983	-1	0	21	TRUE	0.0428056714849452	0.260229846006716	5575	8	8	13	19	0.0358714958404905	146	7858124.956925
20211014 200845	binary	custom	TRUE	TRUE	FALSE	-100	999983	-1	0	54	TRUE	0.0955310201689937	0.118060371889197	2906	10	5	87	20	0.0355315823455989	147	7954374.95775
20211014 200904	binary	custom	TRUE	TRUE	FALSE	-100	999983	-1	0	45	TRUE	0.0913933908492291	0.320625947900263	7821	14	5	96	19	0.0363983617525375	148	7893124.9569875
20211014 200916	binary	custom	TRUE	TRUE	FALSE	-100	999983	-1	0	15	TRUE	0.095388083737108	0.146431784582446	793	14	20	88	20	0.0377707624855014	149	7732124.954425
20211014 200931	binary	custom	TRUE	TRUE	FALSE	-100	999983	-1	0	21	TRUE	0.0999815927693687	0.331400725359363	7394	8	5	26	20	0.0346817986145309	150	7828249.958
20211014 200947	binary	custom	TRUE	TRUE	FALSE	-100	999983	-1	0	37	TRUE	0.0970123530785127	0.11235980790687	2944	764	6	1	20	0.0359904655630865	151	7846874.9565
20211014 201004	binary	custom	TRUE	TRUE	FALSE	-100	999983	-1	0	31	TRUE	0.0392761304260733	0.149608776693582	522	197	7	58	18	0.0371886606246445	152	7548249.9558125
20211014 201024	binary	custom	TRUE	TRUE	FALSE	-100	999983	-1	0	16	TRUE	0.0430003215596233	0.99912848017336	877	946	9	30	20	0.0363856150021142	153	7857249.95595
20211014 201054	binary	custom	TRUE	TRUE	FALSE	-100	999983	-1	0	99	TRUE	0.0200687566808007	0.258863139010158	7442	166	17	92	19	0.0354508528919059	154	7820624.9575625
20211014 201121	binary	custom	TRUE	TRUE	FALSE	-100	999983	-1	0	71	TRUE	0.0200030569130965	0.22369158114435	6934	441	4	23	19	0.03428664917784	155	7938874.958725
20211014 201146	binary	custom	TRUE	TRUE	FALSE	-100	999983	-1	0	56	TRUE	0.0200010656724395	0.161913281018817	3060	909	4	25	19	0.0360032123194583	156	7806874.956675
20211014 201206	binary	custom	TRUE	TRUE	FALSE	-100	999983	-1	0	77	TRUE	0.096880328974961	0.10041122013926	2882	888	9	68	20	0.0335133459813912	157	7789624.9594375
20211014 201224	binary	custom	TRUE	TRUE	FALSE	-100	999983	-1	0	37	TRUE	0.0937828482280636	0.220092086830212	5914	963	4	90	20	0.0342675290462566	158	7849624.958125
20211014 201243	binary	custom	TRUE	TRUE	FALSE	-100	999983	-1	0	68	TRUE	0.0929413177039905	0.100528017459728	3349	706	20	94	20	0.0336493113790079	159	7902624.958975
20211014 201308	binary	custom	TRUE	TRUE	FALSE	-100	999983	-1	0	67	TRUE	0.0200255508748705	0.174909401867109	7973	702	1	51	19	0.0349367337341062	160	7849249.957775
20211014 201320	binary	custom	TRUE	TRUE	FALSE	-100	999983	-1	0	8	TRUE	0.0944502725145629	0.273171846275099	2049	316	20	23	19	0.0355400801837466	161	7778999.9571625
20211014 201350	binary	custom	TRUE	TRUE	FALSE	-100	999983	-1	0	89	TRUE	0.0200158715349953	0.282376522992208	7057	706	6	12	20	0.0344013699794501	162	7832749.9597625
20211014 201407	binary	custom	TRUE	TRUE	FALSE	-100	999983	-1	0	20	TRUE	0.0957446673922485	0.999899451688624	5270	734	15	86	20	0.0355910672113583	163	7836999.9564
20211014 201422	binary	custom	TRUE	TRUE	FALSE	-100	999983	-1	0	38	TRUE	0.0998755401767932	0.11671509990534	7998	722	17	30	20	0.0327527895434385	164	7764874.9592375
20211014 201458	binary	custom	TRUE	TRUE	FALSE	-100	999983	-1	0	142	TRUE	0.0200295436124733	0.182407139146595	6927	9	20	47	19	0.0337640321829549	165	7867999.9590125
20211014 201515	binary	custom	TRUE	TRUE	FALSE	-100	999983	-1	0	36	TRUE	0.0633278612464508	0.217047375013681	7999	410	6	28	19	0.0359692209689919	166	7884499.9572125
20211014 201535	binary	custom	TRUE	TRUE	FALSE	-100	999983	-1	0	23	TRUE	0.0969728145959954	0.997693119370052	3009	50	4	50	20	0.0319412460761747	167	7816874.9600625
20211014 201552	binary	custom	TRUE	TRUE	FALSE	-100	999983	-1	0	18	TRUE	0.0674723900078307	0.969331738762468	3358	721	4	86	20	0.0355953161295823	168	7844749.957175
20211014 201609	binary	custom	TRUE	TRUE	FALSE	-100	999983	-1	0	31	TRUE	0.0983964312032511	0.159623722067973	7998	667	6	89	19	0.0340954478375743	169	7810749.9565625
20211014 201637	binary	custom	TRUE	TRUE	FALSE	-100	999983	-1	0	74	TRUE	0.0203887181178121	0.231190339604662	7185	400	12	0	19	0.0347285367194571	170	7883124.95805
20211014 201653	binary	custom	TRUE	TRUE	FALSE	-100	999983	-1	0	15	TRUE	0.0958589649730741	0.585791443213266	3817	21	19	94	19	0.0361306798789273	171	7767124.956675
20211014 201714	binary	custom	TRUE	TRUE	FALSE	-100	999983	-1	0	67	TRUE	0.0925597869179529	0.100054810187701	4703	521	17	17	19	0.0358460023309336	172	7915124.956225
20211014 201746	binary	custom	TRUE	TRUE	FALSE	-100	999983	-1	0	87	TRUE	0.0200317195140242	0.786120238468054	2467	358	13	52	20	0.0358290066535759	173	7860624.957
20211014 201807	binary	custom	TRUE	TRUE	FALSE	-100	999983	-1	0	29	TRUE	0.0386045388022821	0.999044109008036	1468	8	12	57	20	0.0366745414685444	174	7801749.956025
20211014 201822	binary	custom	TRUE	TRUE	FALSE	-100	999983	-1	0	30	TRUE	0.0646334714646767	0.139816342972199	5092	741	12	18	19	0.0367127817346855	175	7846124.9570375
20211014 201840	binary	custom	TRUE	TRUE	FALSE	-100	999983	-1	0	45	TRUE	0.0887595523325315	0.160600655199967	575	402	4	15	20	0.0353276342551223	176	7973374.9562125
20211014 201853	binary	custom	TRUE	TRUE	FALSE	-100	999983	-1	0	12	TRUE	0.0897099468732272	0.110157680805487	121	8	4	22	19	0.0379449681490468	177	7588374.9543625
20211014 201920	binary	custom	TRUE	TRUE	FALSE	-100	999983	-1	0	51	TRUE	0.0558794626976882	0.782941639927865	777	452	5	20	20	0.0370102060384136	178	7761874.9568875
