Feature	Gain	Cover	Frequency
ctrx_quarter	0.212709505295851	0.0188924455304714	0.0121329526916803
cpayroll_trx	0.0299648063876833	0.00831616608174891	0.00244698205546493
V36b	0.0269614002554337	0.00123161894151946	0.00234502446982055
V40b	0.0248056756628119	0.00167216144569871	0.000815660685154976
V89b	0.0203828542756247	0.00383631895433951	0.00744290375203915
mcuentas_saldo	0.0187075277938594	0.00973653885675654	0.00938009787928222
mprestamos_personales	0.0185657290343253	0.0115651508067315	0.00540375203915171
V28	0.0164205834372926	0.010008568953384	0.00418026101141925
mactivos_margen	0.0136389064439744	0.0146551092343388	0.0128466557911909
V6	0.0119087661295772	0.00398988570960367	0.00540375203915171
mvr_msaldototal	0.0113778575301063	0.00371693352532907	0.00356851549755302
mtarjeta_visa_consumo	0.0107668011475931	0.00731975247400878	0.00448613376835237
V5	0.0101244785599665	0.00272746583650582	0.00407830342577488
mcaja_ahorro	0.00974893594619891	0.00639158225261323	0.00519983686786297
ctarjeta_visa_transacciones	0.00947449639590122	0.0035654067554772	0.00346655791190865
mrentabilidad_annual	0.00939040212009557	0.0137480437834913	0.0126427406199021
cliente_edad	0.00933739572476957	0.015289083653737	0.0193719412724307
Master_fechaalta	0.00924179878468225	0.00798133077978426	0.0152936378466558
V40	0.00893425878895332	0.000953691400152942	0.00132544861337684
V102	0.00819246507661145	0.00673150149728076	0.0120309951060359
V101	0.00809503800049422	0.00470016021166063	0.00632137030995106
mv_status01	0.00803028252068494	0.00630179975327676	0.00203915171288744
numero_de_cliente	0.00798020319593899	0.0103680781103223	0.015089722675367
V110b	0.00782189249986325	0.00132931038953552	0.00173327895595432
V101b	0.00745726350193618	0.00253987974335837	0.00295676998368679
Visa_status	0.00745260392426173	0.00545018416769351	0.00173327895595432
chomebanking_transacciones	0.00658079525436956	0.0109633212883587	0.0119290375203915
cproductos	0.00635366845599398	0.00817540530820902	0.0076468189233279
mtransferencias_recibidas	0.00599355060859637	0.0128461103378303	0.0108075040783034
Master_Fvencimiento	0.0058854661214553	0.00744280133231981	0.0125407830342578
mpayroll	0.00558668208846158	0.00729465495714328	0.00346655791190865
V17	0.00557063077841427	0.0043259546153124	0.00163132137030995
mv_fechaalta	0.00554000481023163	0.0124523628916948	0.0109094616639478
V107b	0.00519934913759275	0.00572204693567463	0.0032626427406199
thomebanking	0.00513140866560609	0.00288669684445925	0.00377243066884176
mv_mpagominimo	0.00509742152422679	0.00267817864968606	0.00285481239804241
mv_status02	0.00496737982964078	0.00710952361084011	0.00183523654159869
Visa_fechaalta	0.00482692422576426	0.00521838949015323	0.00856443719412724
V50	0.00477691343515281	0.0040527638987121	0.00866639477977162
Master_mfinanciacion_limite	0.00466070282303426	0.00973800565255037	0.0105016313213703
mcuenta_debitos_automaticos	0.00464794811432665	0.0078456895507869	0.00469004893964111
V102b	0.00444451144646355	0.00511532038425714	0.00958401305057096
V10	0.00416063174265517	0.00206826929380332	0.00285481239804241
tcallcenter	0.00406686904283385	0.00338659295562099	0.00173327895595432
cmobile_app_trx	0.00384288234848743	0.00820384583781821	0.00866639477977162
mcaja_ahorro_dolares	0.0038339090486534	0.00579061607885208	0.00825856443719413
Visa_Fvencimiento	0.00381620611560741	0.00779742769694923	0.0090742251223491
V33b	0.00380956779805018	0.00278471003448869	0.00305872756933116
V49	0.00378074289773039	0.00430341687071817	0.00774877650897227
V70b	0.00365674450069511	0.00262805125945041	0.00224306688417618
V50b	0.00362351265533899	0.00469187744366466	0.00805464926590538
V11	0.00361377945855053	0.00493699076942025	0.00621941272430669
mvr_msaldopesos	0.00356293278846008	0.00459174904972415	0.00407830342577488
V73b	0.00354704174470827	0.010576437876909	0.0032626427406199
Visa_mpagospesos	0.00354071167222599	0.00778196225780267	0.00785073409461664
cliente_antiguedad	0.00351745640563814	0.00441736589881313	0.00795269168026101
V91b	0.00335820242814467	0.00412395867756418	0.00683115823817292
ccallcenter_transacciones	0.00331793154220151	0.00468746815582326	0.00234502446982055
Visa_mconsumosdolares	0.00331287910769073	0.00376248429907694	0.00550570962479609
V13	0.00317801373560672	0.00397260279654266	0.00611745513866232
mvr_msaldopesos2	0.00315791147462133	0.00439699630625395	0.00621941272430669
mpasivos_margen	0.00313447620609087	0.00316653264443133	0.00601549755301795
V52b	0.00309960158430077	0.0046138809333463	0.00846247960848287
V12	0.0030225205707997	0.00585752439620958	0.00448613376835237
ccaja_ahorro	0.0029442502316799	0.0124021233556643	0.00387438825448613
V45b	0.00294071735631933	0.00710504667950337	0.00519983686786297
mtransferencias_emitidas	0.00293977385053752	0.00770470626574915	0.00734094616639478
mrentabilidad	0.00292952207001125	0.0021490053656832	0.00458809135399674
V34b	0.0029264207169768	0.00410849323841762	0.00591353996737357
V83	0.00289288267933717	0.00554064310198345	0.00519983686786297
Master_mlimitecompra	0.00280025695347064	0.00695778322995031	0.00530179445350734
V103	0.00275121411547616	0.0071616233429927	0.00652528548123981
V84b	0.00273231445257244	0.00369512561844779	0.00621941272430669
mv_Fvencimiento	0.00267605419443161	0.00369600142370333	0.00560766721044046
V23	0.00264095452549238	0.00393860481976317	0.00163132137030995
V11b	0.00254522906524508	0.00238412703513933	0.0050978792822186
V47	0.00252499799558967	0.00483503778119737	0.00448613376835237
V112	0.00250128488317853	0.00235612974843386	0.00458809135399674
V54b	0.0024823646247093	0.00307834154732748	0.00591353996737357
V14	0.00247006706348877	0.00191394421935448	0.00458809135399674
ctransferencias_emitidas	0.00244429226864419	0.00380351363918849	0.00519983686786297
Visa_mconsumospesos	0.00241521353060565	0.00366633085053402	0.00479200652528548
V46	0.00240159087275654	0.00609391171106548	0.00428221859706362
V52	0.00239812086703683	0.0018948794342187	0.00377243066884176
V91	0.00238555321988388	0.00250845577958601	0.00530179445350734
V45	0.00236669775984583	0.0018708481924509	0.00407830342577488
mvr_Master_mlimitecompra	0.00232267981410906	0.00476933458611223	0.00519983686786297
Visa_mfinanciacion_limite	0.00228678759939175	0.00195584046426166	0.00458809135399674
V62	0.0022536752378748	0.00212811242608108	0.00519983686786297
V104	0.00223478199443045	0.0029671979441974	0.00519983686786297
V34	0.00221714030281451	0.00185460663319983	0.00397634584013051
V82b	0.00221653983976036	0.00343292874993327	0.00448613376835237
V15	0.00221606362543624	0.00186851627195343	0.00407830342577488
Visa_mpagominimo	0.00221570548304419	0.00175946783708711	0.00285481239804241
V100c	0.00216695443065236	0.00310631925302114	0.00499592169657423
V97b	0.00213197225016738	0.0051234589648025	0.00418026101141925
V84	0.00212459274861082	0.00800117880539248	0.00489396411092985
V58b	0.00211862824667403	0.00624739836219041	0.00469004893964111
Visa_cconsumos	0.00211806402402997	0.00394700507383	0.00499592169657423
mvr_mpagominimo	0.00211005158557681	0.00261743123068103	0.00356851549755302
V80b	0.00208516095240568	0.00478852041750285	0.00519983686786297
V37b	0.00206879463585078	0.00896659033116018	0.00530179445350734
V39b	0.00202840977834387	0.00156888228894865	0.0032626427406199
V56	0.00201015525681704	0.00578615694843517	0.00469004893964111
V25	0.00198767796480888	0.0009782442088717	0.000713703099510604
V4	0.0019613831961845	0.000524142744059462	0.00050978792822186
mv_fultimo_cierre	0.0019510741287098	0.00732045917052595	0.00356851549755302
V70	0.00193651426945215	0.017134147213817	0.0050978792822186
mtarjeta_master_consumo	0.00193565318878847	0.00694106282595587	0.00275285481239804
V65b	0.0019354138432555	0.00319263057299116	0.00367047308319739
V55	0.00191629497640709	0.00776148051944857	0.00499592169657423
V78	0.00189746222338113	0.00625123268032136	0.00163132137030995
mv_mfinanciacion_limite	0.00187032344247711	0.0020150552240695	0.00387438825448613
mv_msaldopesos	0.00186091064321917	0.00427781380772956	0.0025489396411093
mpagomiscuentas	0.00185534088343999	0.00819281816798476	0.00438417618270799
mplazo_fijo_dolares	0.00184483778354965	0.00787867643532016	0.00214110929853181
mcuenta_corriente	0.00183124393951982	0.00122400548810903	0.00275285481239804
V32	0.00182955727281732	0.00276525540920868	0.000815660685154976
V111	0.00179210573370652	0.00208344991823263	0.00356851549755302
V105d	0.00178985173323795	0.00350497085256916	0.00367047308319739
V82	0.00178726736186369	0.00251184863490522	0.00285481239804241
V109b	0.00178203810925983	0.00212212241655896	0.00112153344208809
V87d	0.00178172160976592	0.00150367751961869	0.00336460032626427
mvr_Visa_mlimitecompra	0.00177291605559399	0.00352961266588706	0.00356851549755302
V87c	0.00176269941410125	0.00141875467139526	0.0032626427406199
ccaja_seguridad	0.00176081469784049	0.00742159153634475	0.0025489396411093
V105	0.00175699665895864	0.00267990711900135	0.00346655791190865
mvr_mconsumospesos	0.00175635935508654	0.00461957010732333	0.00458809135399674
V85b	0.00175472995457785	0.000945613342734996	0.00275285481239804
V58	0.0017269086598791	0.00140105699690226	0.00305872756933116
V49b	0.00171967693955317	0.00461113603150882	0.00356851549755302
mdescubierto_preacordado	0.00171053420447156	0.00823745753463744	0.00265089722675367
ccomisiones_otras	0.00165426515106554	0.00156937715451987	0.00275285481239804
V9b	0.00164285056771047	0.00104922715677783	0.00244698205546493
V93	0.00164002598470335	0.00175921506402556	0.00356851549755302
V92b	0.00163899761829457	0.00136597494410525	0.00336460032626427
V89	0.00161263194005469	0.00181167259466668	0.00418026101141925
V48	0.00160145857332609	0.00124541287429418	0.000815660685154976
mv_msaldototal	0.00160112821878927	0.0031420492592999	0.00265089722675367
ccuenta_debitos_automaticos	0.00158749636222885	0.00248035880772949	0.00183523654159869
Master_msaldopesos	0.00157506225303814	0.00481793465742663	0.00234502446982055
V88	0.00155365212484648	0.00234620395553777	0.00387438825448613
V56b	0.00154969089609085	0.00217160363340485	0.00316068515497553
Master_mpagospesos	0.00154747389003656	0.00706095736127339	0.00387438825448613
V111b	0.00154352708011756	0.00173268813329787	0.00295676998368679
V103b	0.00153244427891374	0.00240515526173215	0.00336460032626427
mv_cconsumos	0.00151434179093321	0.0047022126577168	0.00336460032626427
V110c	0.0015037283137937	0.00253191205164336	0.00265089722675367
V94c	0.00150187662922937	0.00268355808765808	0.00336460032626427
V65	0.00149691535926128	0.00135954525186337	0.00275285481239804
V41b	0.00148067561982235	0.00170437043003549	0.00295676998368679
V53	0.0014761197036695	0.00389230462729054	0.00336460032626427
V83b	0.0014701016973409	0.00270406474729993	0.00285481239804241
V93b	0.00146881266732398	0.00119610076618666	0.00305872756933116
mvr_mpagospesos	0.0014672084078858	0.00287016869039895	0.00336460032626427
V36	0.00145976504313401	0.00124775013506759	0.00214110929853181
V90b	0.00144562255285931	0.000473848025177436	0.00112153344208809
Visa_mlimitecompra	0.00143505750258367	0.00242786567524871	0.00367047308319739
mttarjeta_visa_debitos_automaticos	0.00142533028088304	0.00302177378429806	0.00316068515497553
V104b	0.00141040290808769	0.00188778932785121	0.00295676998368679
V106	0.00140990341667264	0.000854152216658741	0.00183523654159869
ctarjeta_debito_transacciones	0.00140808490221498	0.00345767202849419	0.00214110929853181
V47b	0.00135047138812222	0.00171382093837218	0.00305872756933116
V54	0.00133334158606541	0.00313581003690019	0.00316068515497553
V8	0.00130713023204722	0.0023133933001108	0.00305872756933116
V37	0.0012988795536162	0.00481867873587544	0.00305872756933116
V63b	0.00127303362641512	0.00137270369180023	0.00214110929853181
V92	0.00127201882641835	0.00191308621501877	0.00295676998368679
V115d	0.00126288250351493	0.000965698120576926	0.00183523654159869
V55b	0.00126125390252557	0.00116472130471386	0.00275285481239804
V105c	0.00124852076647401	0.00203603182799481	0.00285481239804241
V69	0.00122917577102573	0.000942975246416487	0.00224306688417618
V112b	0.00121722436569236	0.00156989872147083	0.00244698205546493
Master_msaldototal	0.00121051973801774	0.00260049365546469	0.00224306688417618
V94	0.00120120043956206	0.00255630465208367	0.00295676998368679
V94d	0.00119998242752672	0.00117734571705588	0.0025489396411093
V62b	0.00116100181646369	0.00201430758543672	0.00285481239804241
V41	0.00114212484841628	0.00119556139831587	0.00183523654159869
V42b	0.00113807300599618	0.00076236355365765	0.00152936378466558
ctransferencias_recibidas	0.00113720393096797	0.00168108326671651	0.00285481239804241
V86b	0.00112750566117741	0.00102030600233328	0.00234502446982055
V2	0.00110727351449155	0.00560662043123394	0.00295676998368679
ctarjeta_visa_debitos_automaticos	0.0011055552341758	0.00532580024039537	0.00244698205546493
V74	0.00110206847898018	0.00226207324824668	0.00142740619902121
V69b	0.00110091573344293	0.00261471659040726	0.00234502446982055
V44	0.00109528951451758	0.00102184222171443	0.00234502446982055
V60b	0.00108568985303227	0.0034440507646418	0.00316068515497553
mautoservicio	0.00108366032376331	0.00145786507234936	0.00193719412724307
V51	0.00107591753100967	0.00155655515196776	0.00183523654159869
Visa_fultimo_cierre	0.00107415495721237	0.00627202415468047	0.00285481239804241
Visa_msaldototal	0.0010678867499558	0.00027488180398395	0.000713703099510604
mcomisiones	0.00106218172035992	0.00114841032187547	0.00203915171288744
V46b	0.00105724980993519	0.00128778262366878	0.00193719412724307
ctarjeta_debito	0.00105055788616417	0.00131526190360726	0.00234502446982055
V97	0.00104757365898234	0.00104818580296789	0.00224306688417618
mcomisiones_mantenimiento	0.00101244366356205	0.00142879439017825	0.00183523654159869
V57	0.00101239465805503	0.0012779796571195	0.00234502446982055
V105b	0.000984562959797449	0.00132635899702804	0.00193719412724307
mcomisiones_otras	0.000966009541117551	0.001313839610113	0.00183523654159869
V115	0.000962188224929918	0.00206042442843512	0.00234502446982055
V61b	0.000961605641934934	0.00134241898689686	0.00265089722675367
V85	0.000947183458856555	0.00116134981049844	0.00173327895595432
V67b	0.000929690658791967	0.000663297874630874	0.00152936378466558
V9	0.000925514925132523	0.00143778919496734	0.00214110929853181
ccajas_extracciones	0.000925007263508425	0.000272694070937089	0.000815660685154976
V3	0.000921945892380372	0.00116398434663298	0.00163132137030995
V63	0.00090654146361071	0.0010107308875578	0.00214110929853181
ctarjeta_master	0.000906158304054306	0.000103460726132309	0.000203915171288744
V39	0.000897890592325275	0.00129390792018159	0.00183523654159869
V80	0.000888467623231149	0.00184298085246017	0.00193719412724307
mv_mpagado	0.000888409202513746	0.00515709736300146	0.00173327895595432
Master_status	0.000882794413068115	0.00236574580532494	0.000815660685154976
V117b	0.000881374025257168	0.00128204360711623	0.00183523654159869
V88b	0.000872886991617043	0.00141838619235482	0.00203915171288744
V21	0.000858481882171795	0.000992342537375474	0.000815660685154976
V106b	0.000853696753992931	0.00127299717965964	0.00214110929853181
V113	0.000836247067193367	0.00191203418065694	0.00183523654159869
V95	0.000819873658288674	0.00143813275272002	0.00173327895595432
V87	0.000818543375256702	0.000674010468183363	0.00132544861337684
mv_mpagospesos	0.000813655153839325	0.00103267408142977	0.00183523654159869
V118b	0.000806575842784062	0.00010327025629015	0.000203915171288744
mv_mconsumospesos	0.000799090347175939	0.00288511968296249	0.00183523654159869
V43b	0.000798277113144459	0.000593852926197887	0.00163132137030995
V61	0.000790504201041622	0.000432866747549418	0.00142740619902121
Master_mconsumospesos	0.000777635615253883	0.00394048103671304	0.00193719412724307
V108b	0.000766760890061461	0.00334955280164289	0.00214110929853181
V95b	0.000763457482827258	0.00131739623389464	0.00183523654159869
Master_fultimo_cierre	0.000762264954227439	0.00109268988262987	0.00214110929853181
V116c	0.000741711486896366	0.000502096304852486	0.00132544861337684
V77b	0.000735594428023712	0.00039878332635475	0.000203915171288744
V99	0.000717935719133289	0.00191984878446143	0.00214110929853181
V64b	0.000712688908598654	0.00083464596871122	0.00163132137030995
Master_cconsumos	0.000701792245800272	0.00472105137117077	0.00193719412724307
cprestamos_personales	0.000701472783954627	0.00527180827046507	0.00152936378466558
V100d	0.000669762321116919	0.00138122321202991	0.00163132137030995
mv_status06	0.000664325716737989	0.000150314527211583	0.000203915171288744
V94b	0.000663853698647154	0.000929763403720146	0.00122349102773246
mvr_mconsumosdolares	0.000650305634143951	0.00134565163393762	0.00122349102773246
V57b	0.000650058830758739	0.00630231776004375	0.00224306688417618
ccajas_consultas	0.000650019413958356	0.00642853696217616	0.00163132137030995
V116	0.000634539742311027	0.000957173260071298	0.00132544861337684
V117	0.000612776796584096	0.000399582587655027	0.00142740619902121
V108	0.00060440198255477	0.000911916201500595	0.00112153344208809
V66	0.000603195298470692	0.00106491154723828	0.00122349102773246
V60	0.000597887920064454	0.0013734210688693	0.00142740619902121
mv_mconsumosdolares	0.000595245185989054	0.000854458392479782	0.00132544861337684
V115b	0.00058321054804098	0.00143050505857372	0.00142740619902121
mv_mlimitecompra	0.000580492225960225	0.000987854925486836	0.00112153344208809
V42	0.000579095578403354	0.00291369371947039	0.00224306688417618
V33	0.000577904744914367	0.00117517578492885	0.00132544861337684
V81b	0.000574313264289425	0.000281103225463836	0.00112153344208809
V90	0.000561454661166361	0.00105403518522337	0.00214110929853181
V100	0.000554976034732107	0.00053925394490145	0.00112153344208809
V98b	0.000553907179327183	0.000472760388975945	0.00122349102773246
V75b	0.000529964425293421	0.00156973317291643	0.000917618270799347
V51b	0.000529231465530792	0.000423966287635419	0.00132544861337684
V96b	0.000522804787685605	0.000658982931664567	0.00122349102773246
V81	0.000522192446492653	0.0005915850890118	0.00112153344208809
matm	0.000515144090704213	0.000563621624053997	0.00122349102773246
V115c	0.000510467649636512	0.00046971821177734	0.00101957585644372
V86	0.00049668785603036	0.000390153440422136	0.00132544861337684
V113b	0.000496441219510965	0.00442499181286745	0.00152936378466558
V107	0.000488512942692429	0.000705017890431753	0.00101957585644372
V7	0.000483604823355074	0.00150409584123465	0.00142740619902121
V43	0.000473474466961176	0.00208357452467143	0.00173327895595432
mv_status05	0.000469961508306798	6.13775715669382e-05	0.000101957585644372
V64	0.000461126599771516	0.000470278940751922	0.00112153344208809
V66b	0.000455210853388346	0.000228065384836315	0.000815660685154976
mvr_mpagosdolares	0.00045250435343308	0.00413372248208984	0.00132544861337684
V68	0.00044093228852852	0.000292444191486253	0.000713703099510604
V96	0.000439490522554132	0.000699351857650501	0.00132544861337684
V38b	0.000410606545656919	0.000312315358290248	0.000815660685154976
active_quarter	0.000409198609240694	0.000963691956912311	0.000917618270799347
internet	0.000400946221540117	0.000361052496687324	0.000917618270799347
V53b	0.000400757286612755	0.00197344735406353	0.00132544861337684
cpagomiscuentas	0.000390655456261945	0.000643777385947491	0.000917618270799347
cseguro_vida	0.000381023571163838	0.00232764293643311	0.000917618270799347
V74b	0.000378477174471471	0.00117840843196961	0.000917618270799347
V31	0.00036715903679646	0.000448180878877445	0.000815660685154976
V71b	0.000363922241623202	0.000796140799031277	0.000611745513866232
catm_trx	0.000353583986996306	0.0017349417297481	0.00101957585644372
Visa_mconsumototal	0.000349855291835775	0.000669380448936101	0.000611745513866232
V100b	0.000347342546508768	0.000960879411579487	0.00122349102773246
V67	0.000334641389849174	0.00253857849611895	0.00122349102773246
mextraccion_autoservicio	0.000330049962495394	0.00117477526423272	0.00101957585644372
mforex_sell	0.000323970986601652	0.00136954580862274	0.000815660685154976
cextraccion_autoservicio	0.000321633700405874	0.000486657567085663	0.000713703099510604
V38	0.000315756813383512	0.00062640724837933	0.000611745513866232
V48b	0.000307924749627448	0.00452295917514084	0.00122349102773246
V20	0.000300178416224265	0.000202093842807265	0.000305872756933116
V30	0.000296964240209903	0.000479604842649811	0.000611745513866232
V99b	0.000275931921646567	0.000229437835755053	0.000611745513866232
V116d	0.000271512603675602	0.000494660860640332	0.000815660685154976
V72	0.000270238104660096	0.000265374332703816	0.000611745513866232
V71	0.00025475323302909	0.00336987077153457	0.00163132137030995
V87b	0.000254264477523173	0.000237681441727399	0.000305872756933116
V98	0.000240611108982037	0.000792201455473341	0.000917618270799347
V44b	0.000233096053156438	0.000914054091971938	0.00101957585644372
mvr_mconsumototal	0.000229285798390602	0.00141189597698553	0.000611745513866232
mv_mpagosdolares	0.000222464089480633	0.000455721348516585	0.000305872756933116
mv_mconsumototal	0.000218115052408464	0.000731834976152633	0.00050978792822186
cplazo_fijo	0.000181871373523303	0.00275830593010783	0.000713703099510604
V116b	0.000175420714518422	0.000435846621528625	0.000407830342577488
V76	0.000172930939210557	0.000967585018078694	0.000815660685154976
V59b	0.000170770842688199	0.000330183921613593	0.000407830342577488
mttarjeta_master_debitos_automaticos	0.000165518486904066	0.00238244662830757	0.000815660685154976
V59	0.000162826829649487	6.55251858868618e-05	0.000203915171288744
mvr_mpagado	0.00015622847781971	0.00157787175346179	0.00050978792822186
Master_mconsumosdolares	0.00014805898375311	0.000303742435301084	0.000305872756933116
mv_status04	0.000147672438533464	0.000145584822813284	0.000203915171288744
V79b	0.000146311191394095	0.000368429197864047	0.000611745513866232
V18	0.000145648464459646	7.08957233989689e-05	0.000203915171288744
matm_other	0.000134222469582275	0.000295206894243559	0.000407830342577488
Visa_mpagosdolares	0.000130682015087847	3.75154385375065e-05	0.000101957585644372
V110	0.000119595145148376	0.000779601964419084	0.000305872756933116
V78b	0.000119573711178816	0.000414368031664162	0.000101957585644372
V68b	0.000118514073452723	7.59707656419313e-05	0.000305872756933116
V75	0.000109073283973305	0.000130738855676734	0.00050978792822186
mvr_msaldodolares2	0.000106966443892301	2.78068168633162e-05	0.000101957585644372
Visa_msaldopesos	9.96544146949694e-05	3.04021909742383e-05	0.000101957585644372
Master_mconsumototal	9.90521108677376e-05	0.000380736753833125	0.000203915171288744
V77	9.0228583603426e-05	0.00121650062030954	0.00050978792822186
V35b	8.00584345466537e-05	0.000593979312728665	0.000203915171288744
cforex_sell	7.81694969122199e-05	2.1672619890588e-05	0.000101957585644372
Visa_mpagado	7.73763648936362e-05	3.05107765851891e-05	0.000101957585644372
Master_mpagado	7.22883544661664e-05	0.000756236477052853	0.00050978792822186
V27	5.87891969114034e-05	7.03510152522322e-05	0.000101957585644372
V26	5.59446408394251e-05	8.9036640795682e-05	0.000101957585644372
tmobile_app	5.41527052886162e-05	4.81141062030967e-05	0.000203915171288744
V16	4.72097258167017e-05	4.25833604125376e-05	0.000101957585644372
V72b	4.48949514497361e-05	4.8902686951477e-05	0.000203915171288744
V24	3.64489536780829e-05	2.1619217131104e-05	0.000101957585644372
V114	3.61459695556853e-05	3.00888947852656e-05	0.000101957585644372
V73	2.03412968220405e-05	3.47260344004591e-05	0.000101957585644372
mvr_msaldodolares	1.23871182292974e-05	5.47360483791121e-05	0.000101957585644372
V22	1.07944602476118e-05	1.94065627964838e-05	0.000101957585644372
V35	4.22711341288301e-06	4.51360123158726e-05	0.000101957585644372
