Feature	Gain	Cover	Frequency
ctrx_quarter	0.132364317895553	0.0152748150551892	0.00836474600610304
V40	0.0436405789357172	0.00290615073545248	0.00140010770059235
cpayroll_trx	0.0310291952652206	0.00854611386248948	0.00258481421647819
V36b	0.027098604437272	0.00320484562280568	0.00287201579608688
ctarjeta_visa_transacciones	0.0261054556665887	0.00446896399885939	0.00323101777059774
V5	0.0255067002468756	0.00479720411442916	0.00463112547119009
V28	0.0230059332878874	0.0152989762159373	0.00376952073236403
mtarjeta_visa_consumo	0.0221614561999604	0.00682669264247512	0.00351821935020643
mcuentas_saldo	0.0181073406852426	0.00871216684473085	0.00951355232453779
V7	0.0177133062451945	0.0144700699602536	0.00509782803805421
mprestamos_personales	0.0159676482323864	0.0142212290415241	0.00560043080236941
mcaja_ahorro	0.0155572312864157	0.00615737074689378	0.00531322922276073
mactivos_margen	0.0119795591661587	0.0133810562139062	0.0118111649614073
V89b	0.0104147757094676	0.002810285739554	0.0056363309998205
V40b	0.00898058248674898	0.00141163992889208	0.00122060671333692
V23	0.00894489062212725	0.00117898438904014	0.00089750493627715
V6	0.00892996605212869	0.00687649210689469	0.00664153652845091
mvr_msaldopesos	0.00833714622107795	0.00331748843458309	0.00366182014001077
mtransferencias_recibidas	0.00818390026162117	0.00983374803791777	0.00861604738826064
mv_status01	0.00792661050245309	0.00746960369653516	0.00262071441392928
Master_fechaalta	0.00773900468179998	0.00814752777737646	0.0145754801651409
Visa_status	0.0069160198606011	0.00828197227080447	0.00218991204451625
cliente_edad	0.0068373906306058	0.0163310109513244	0.0157960868784778
mrentabilidad_annual	0.00677319950489752	0.00995089732048564	0.0103751570633638
cproductos	0.00675541045513917	0.00670508033449688	0.00592353257942919
mvr_msaldototal	0.00637166124206991	0.00351064975417538	0.00351821935020643
V4	0.00635006224555315	0.00446451914151708	0.00290791599353797
chomebanking_transacciones	0.00633113260546618	0.013252555838392	0.0117393645665051
V106	0.00624712890392391	0.00090379424223749	0.00197451085980973
V101	0.00622708168839314	0.00353127920047925	0.00534912942021181
V70b	0.00620350771086199	0.00143167456844657	0.00165140908274996
numero_de_cliente	0.00606336955413557	0.0101688383050554	0.0136779752288638
mv_msaldototal	0.00578784724428044	0.00206448970608719	0.00251301382157602
Visa_fechaalta	0.00578269069931834	0.00520845097321957	0.0102674564710106
V101b	0.00554025545831954	0.00241990451195202	0.00387722132471729
mv_fechaalta	0.00528382805254197	0.00801678325050103	0.0100520552863041
V102	0.00508589719662666	0.00680175736404525	0.0111649614072877
V17	0.00503885905045509	0.00359201900152421	0.00132830730569018
mv_mpagominimo	0.00498855109732918	0.00272369672726505	0.00287201579608688
tcallcenter	0.00474390557418977	0.00315687639376235	0.00215401184706516
mcuenta_debitos_automaticos	0.00473257410187482	0.00708354804895922	0.00499012744570095
V53	0.00438476772758158	0.0021436100625788	0.00416442290432597
mv_status02	0.00428377786905226	0.00734803404402102	0.00208221145216299
thomebanking	0.00417034827948213	0.00326586584403129	0.0038413211272662
V109b	0.00412108005225401	0.0025824739646253	0.00140010770059235
V50	0.00403305521373746	0.00370596201504065	0.00822114521629869
V20	0.0040167528316493	0.000493135080952448	0.000753904146472806
V21	0.00400545423778828	0.00303915284226114	0.00147190809549453
Visa_Fvencimiento	0.00395802055313878	0.00504609005837076	0.00865194758571172
ccallcenter_transacciones	0.00387760536269726	0.00622917332154442	0.00305151678334231
V102b	0.00382379673958494	0.00429939352066186	0.00804164422904326
V74	0.00376602776766122	0.000911864024112218	0.00157960868784778
Master_mfinanciacion_limite	0.0037559219622831	0.00666777813114231	0.00915455035002693
V107b	0.00368936196463625	0.00384267040772992	0.00341051875785317
Master_Fvencimiento	0.00360231216588636	0.00648012963532683	0.00936995153473344
V49	0.00353057601919121	0.00455415722957311	0.00771854245198349
V73b	0.0033759058320323	0.0059445184012078	0.00240531322922276
V55	0.0032061285421001	0.00624309796082473	0.00646203554119548
V54b	0.00320059901268418	0.00313383217424087	0.00700053850296177
mv_msaldopesos	0.00316189309654804	0.00196820921437174	0.00186681026745647
V46	0.0031000228910001	0.00634241409973522	0.00430802369413032
V104	0.00309454186492163	0.00491805810304563	0.00660563633099982
mpasivos_margen	0.00307769582022154	0.00290446742445257	0.00516962843295638
cliente_antiguedad	0.00303946481320452	0.003395871799445	0.00728774008257045
mv_Fvencimiento	0.0030380677892366	0.0032283400944482	0.00739544067492371
V50b	0.0030174427873111	0.00328143587834343	0.00721593968766828
V111	0.00301018817739147	0.00302026516074131	0.00509782803805421
V48	0.00294658805741861	0.0015638393642933	0.00107700592353258
mtransferencias_emitidas	0.00293136094878989	0.0112648823038191	0.00674923712080416
V13	0.0028636325366515	0.00387204264434208	0.00674923712080416
Master_mlimitecompra	0.00284292081943202	0.00691749111713784	0.00667743672590199
V12	0.00275330919706485	0.00305099526296063	0.00355411954765751
ccajas_otras	0.00267474988398759	0.0129556216738069	0.0025489140190271
V10	0.00264729923053975	0.00323650308641115	0.00315921737569557
mvr_msaldopesos2	0.00264070309468736	0.00454910571674138	0.00581583198707593
V33b	0.0026386525029373	0.00395799735408156	0.00351821935020643
V11b	0.00263589889115144	0.00388643175423148	0.00545683001256507
V84b	0.00260444224716241	0.00280751787388358	0.00581583198707593
V56	0.00260119032840216	0.00491058233800428	0.00646203554119548
ccuenta_debitos_automaticos	0.00259931136861938	0.00291572135773069	0.00244121342667385
mvr_mpagominimo	0.00257289833912027	0.00359038940481243	0.00376952073236403
V103	0.00256426353959683	0.00479557372780138	0.00610303356668462
V52b	0.00255589172132053	0.00288434984371788	0.00606713336923353
ccomisiones_otras	0.00253774985112747	0.00189710334563472	0.00337461856040208
V52	0.00252253456072377	0.00262662947921178	0.00466702566864118
mv_fultimo_cierre	0.00252106385598869	0.0150089316987201	0.00556453060491833
ccaja_ahorro	0.00248151285139521	0.0140964191535704	0.00366182014001077
V32	0.00246958839859847	0.00522039529308329	0.0012924071082391
V54	0.00245387550306698	0.00963568370970211	0.0051337282355053
V47	0.00241947886173447	0.00389898746908061	0.00463112547119009
Visa_mconsumosdolares	0.00240183047538156	0.00227681359796794	0.00420032310177706
V112	0.00239349764128796	0.00249630281790132	0.00455932507628792
V91b	0.00236559816792528	0.00256852009845292	0.00527732902530964
V37b	0.00234101054606146	0.00471144609377414	0.00509782803805421
mplazo_fijo_dolares	0.00233991398039285	0.0176737796838486	0.00366182014001077
Visa_mpagospesos	0.00233467631863018	0.00580255627719034	0.00567223119727159
Visa_mfinanciacion_limite	0.00224300989894495	0.00236545876160966	0.00531322922276073
V83	0.00222497144347402	0.002575019527316	0.00470292586609226
mrentabilidad	0.00222054851199605	0.0019668126428805	0.00405672231197272
mtarjeta_master_consumo	0.00220095251708941	0.00568820487710096	0.0022976126368695
V45b	0.00217625132914639	0.00477562360925908	0.00423622329922815
V106b	0.00212001579254341	0.00111986865529495	0.00272841500628253
V85b	0.00209195796794173	0.00177337090310757	0.00481062645844552
V91	0.00207178380822551	0.00252687809658428	0.00477472626099444
Visa_mpagominimo	0.00199822937888417	0.00148225762953996	0.00236941303177167
V11	0.00197882464739853	0.00295529377967453	0.00402082211452163
Visa_mlimitecompra	0.00196278870834913	0.00210751722062304	0.00466702566864118
V80b	0.00196187440987979	0.00370307329222194	0.00484652665589661
ccaja_seguridad	0.00195408610052843	0.010778797223183	0.00305151678334231
V70	0.00192384385821229	0.0162341798881556	0.00412852270687489
V22	0.00190218067433636	0.00151992556400338	0.000753904146472806
mvr_Master_mlimitecompra	0.00190010282533068	0.00357251044602694	0.00452342487883683
Visa_msaldototal	0.00188949438848338	0.000815011633211447	0.00168730928020104
V103b	0.0018748777484975	0.00216023147508938	0.00402082211452163
V15	0.00186648217529173	0.00185000934352143	0.00455932507628792
mv_cconsumos	0.00185523035810091	0.00315876666275474	0.00190271046490756
V100c	0.00184756754770919	0.00286084589308334	0.00509782803805421
V62	0.0018408257429811	0.0013425767829358	0.00445162448393466
V80	0.00182978069592839	0.00393372481517723	0.00412852270687489
V34b	0.00177935366549117	0.00246273296765541	0.00427212349667923
Visa_cconsumos	0.00177137493412562	0.00338239899211774	0.00366182014001077
mcomisiones_otras	0.00173725921702256	0.00181662038403994	0.00355411954765751
V8	0.00173004654140957	0.00556817872045441	0.0038413211272662
V69	0.00172596567958713	0.00248497937201504	0.00463112547119009
V83b	0.00171196887943169	0.00227134816915125	0.00341051875785317
V112b	0.00170403160993151	0.00170999673219649	0.00362591994255968
ctarjeta_debito_transacciones	0.00167814337770405	0.00490750877484115	0.00265661461138036
V45	0.0016706059350273	0.00264129742944982	0.00477472626099444
V86b	0.00165710277189103	0.00121269405441837	0.00373362053491294
mpagomiscuentas	0.00165190072655583	0.00920093842968917	0.00366182014001077
V96b	0.00164903770577539	0.001036297122133	0.00197451085980973
mcuenta_corriente	0.00162801216439308	0.0013326688665248	0.00272841500628253
V92b	0.0016140561754657	0.00307560825566175	0.00391312152216837
V89	0.00160507219814691	0.00313445383813432	0.00430802369413032
V34	0.00158932241911203	0.00168610177314104	0.00341051875785317
V108b	0.00158461767249527	0.00284326868221054	0.00348231915275534
V82b	0.00157477649959366	0.00138492891929009	0.0038413211272662
V78	0.00157153151338166	0.0076204776528853	0.00161550888529887
Master_status	0.00156938571088435	0.003569519034128	0.00111290612098367
V82	0.00156838376762607	0.00277448753626692	0.00330281816549991
V93	0.00154708972002761	0.00214894436533918	0.0038413211272662
Visa_mconsumospesos	0.00153988542634931	0.00560031092357698	0.00387722132471729
V92	0.00151808175213183	0.00244598042908853	0.0038413211272662
V55b	0.00150607914742889	0.00148485171368998	0.00369772033746186
V47b	0.00150474729615711	0.00162781150161776	0.00337461856040208
V87d	0.00149972781551646	0.00120204203713365	0.00301561658589122
mvr_Visa_mlimitecompra	0.00149967651967822	0.00224003747867059	0.00330281816549991
V14	0.00149362271261178	0.0019404397173273	0.00387722132471729
V104b	0.00148897187540127	0.00179947920680016	0.00337461856040208
mv_mfinanciacion_limite	0.00147535199851838	0.00148806272223744	0.00366182014001077
mv_status06	0.00146602823411054	0.000303972316161447	0.000466702566864118
mcomisiones	0.00146405921238481	0.00135333148930076	0.00305151678334231
V84	0.00144056303641828	0.00309885153401569	0.00369772033746186
V9b	0.00143215846510977	0.00103832799617371	0.00258481421647819
V105d	0.00141118757328098	0.00291426396270731	0.00301561658589122
V105	0.00140446855375112	0.00200866950190164	0.00287201579608688
V60b	0.00138410438495503	0.00238851719961918	0.00297971638844014
V46b	0.00137091485559594	0.00171144780789186	0.00319511757314665
Master_msaldopesos	0.00135934067828405	0.00367843423229276	0.00251301382157602
V58b	0.0013511469918104	0.00271171686118124	0.00326691796804882
V78b	0.00134779491065823	0.00572030627349946	0.0012924071082391
Master_msaldototal	0.00134275129671164	0.00283029036230042	0.00251301382157602
V87c	0.0013396677632108	0.00136141785941152	0.00280021540118471
V111b	0.00133506089413394	0.00139667812990135	0.00344641895530425
V69b	0.00131084262597593	0.00330999766113771	0.00301561658589122
V105c	0.00130716573092673	0.00197332708014762	0.00323101777059774
mvr_mconsumospesos	0.00129513072460507	0.00332232667009432	0.00315921737569557
V94c	0.0012890066696497	0.00236438131618316	0.00323101777059774
V65	0.00128762603106251	0.00107223198088839	0.00247711362412493
mttarjeta_visa_debitos_automaticos	0.00126750808689649	0.00231896114607775	0.00301561658589122
ctransferencias_emitidas	0.00126616441951398	0.00246103701799948	0.00280021540118471
V51	0.00125469155225257	0.00137211016241234	0.00290791599353797
mv_mpagospesos	0.00123779397953909	0.00162232553498503	0.0025489140190271
Visa_msaldopesos	0.00123312000417102	0.000948335235832858	0.00157960868784778
V97	0.00121556399767383	0.000934345033524391	0.00240531322922276
V90	0.00121403004852833	0.000875531047691898	0.00197451085980973
V38	0.00120729563365907	0.00177564428136084	0.00244121342667385
mautoservicio	0.00120609243972749	0.00162267151819383	0.00175910967510321
ctransferencias_recibidas	0.00120522499980651	0.0015705204738368	0.00305151678334231
V97b	0.00119917483455705	0.00145645186367608	0.00262071441392928
mdescubierto_preacordado	0.00119839395209431	0.00615052138524188	0.00208221145216299
V93b	0.00119604302234926	0.00183180967883919	0.00315921737569557
V94	0.00118923799763129	0.00260217604954303	0.00341051875785317
tpaquete4	0.0011824449584854	0.00670494841852458	0.00175910967510321
V85	0.00118236493455519	0.00101835575998336	0.0025489140190271
V56b	0.00118014305840663	0.00159547313041871	0.00351821935020643
V62b	0.00117437886278607	0.00113277114326889	0.00312331717824448
V51b	0.0011720981554508	0.00129575372201113	0.00258481421647819
V39b	0.00116182302494919	0.000789066842131235	0.0022976126368695
V16	0.00115792649322143	0.00127062491416082	0.000430802369413032
V63b	0.00115501914474937	0.0013600276072483	0.00265661461138036
V116	0.00115337188797478	0.00226883702618143	0.00262071441392928
V37	0.00115270752997741	0.00280812215962498	0.0025489140190271
V18	0.0011509995637201	0.000974226312624945	0.000394902171961946
V100d	0.00114149202327274	0.00233352008790754	0.00272841500628253
ctarjeta_visa_debitos_automaticos	0.00113206643188466	0.00491304845576201	0.00269251480883145
Visa_mconsumototal	0.00112819822221698	0.00383448292837092	0.00258481421647819
V65b	0.0011232000692676	0.000870906879417166	0.00222581224196733
V81	0.0011217352215853	0.00134049535427097	0.00244121342667385
V115	0.00110868145254455	0.00256572458572243	0.00233351283432059
V58	0.00110618467604668	0.000936433571433238	0.00247711362412493
V49b	0.00109568263019048	0.0030735205076689	0.00319511757314665
V61b	0.00109332059533235	0.00127676888082307	0.00301561658589122
V86	0.00108300110409057	0.00135087643036706	0.00265661461138036
V113	0.00107624144530397	0.00164267061152824	0.00262071441392928
cinversion2	0.00106025893477571	0.00786050705861435	0.00168730928020104
V57	0.00104618511119942	0.00194257249053224	0.00280021540118471
mvr_mpagospesos	0.00103386446291802	0.0017491260112633	0.0025489140190271
V88	0.00101509525826957	0.00170377851343006	0.00287201579608688
V41	0.00101306783113066	0.000889617619752589	0.00193861066235864
ctarjeta_debito	0.00100390502266078	0.00102135191137831	0.00208221145216299
V36	0.000974880987131677	0.00115572373253416	0.00211811164961407
mv_mlimitecompra	0.000968952297756043	0.000924247537272957	0.00211811164961407
V110c	0.000962317986787556	0.00111307063818317	0.00190271046490756
V95	0.000957511650214385	0.00135791142227939	0.0025489140190271
V2	0.000943167300672899	0.00616544052876851	0.00280021540118471
V81b	0.000942394165689468	0.000737715982684062	0.00197451085980973
mv_mconsumospesos	0.000935152341738788	0.00266814746426813	0.00211811164961407
V115c	0.000916483715003321	0.000938454176565927	0.00251301382157602
V38b	0.000915614364363446	0.00165052079675446	0.00208221145216299
V25	0.000910717543203853	0.000821361767950184	0.000861604738826064
V117b	0.000899088867887472	0.00105874416515709	0.00193861066235864
V53b	0.0008968359314244	0.00180142950940869	0.00211811164961407
V41b	0.00083509482525481	0.000780273497198828	0.00193861066235864
V116d	0.000822685735782887	0.000725018082954593	0.00183091007000539
Master_fultimo_cierre	0.00081699943818951	0.0012761337883576	0.00208221145216299
V67b	0.000797092910960129	0.000500975787186645	0.00140010770059235
V77b	0.000793093657697439	0.000342168704430092	0.000430802369413032
Master_mconsumospesos	0.000782834142079334	0.00247639219515911	0.00190271046490756
V88b	0.000779515406837852	0.000698903459933987	0.00201041105726081
V39	0.000778896318229551	0.00115862588392489	0.00197451085980973
V95b	0.000771977958296448	0.000674315744544925	0.00186681026745647
V94d	0.000767541474635492	0.000842506239487255	0.00186681026745647
Visa_fultimo_cierre	0.000766540153377244	0.00347255289532296	0.0017950098725543
Master_mpagospesos	0.000765158615996458	0.00231242380124658	0.00190271046490756
V113b	0.000751122924013389	0.00235729734947872	0.00172320947765213
V118b	0.000750436777801392	0.000340326620313816	0.00017950098725543
V63	0.000745315886622868	0.00106355396369225	0.00193861066235864
V61	0.000738588469330738	0.000588706228098246	0.00172320947765213
V42	0.00073747647076767	0.00459921008873766	0.00240531322922276
V66b	0.000737330065047541	0.000637099642034555	0.00208221145216299
V116c	0.000728958463933824	0.000714818687538923	0.00208221145216299
mcomisiones_mantenimiento	0.000727223462597521	0.00131132217649126	0.00150780829294561
V74b	0.000711242296019268	0.000231004615408106	0.00035900197451086
ccomisiones_mantenimiento	0.000708334201277099	0.00615367709966921	0.00136420750314127
V75b	0.000706342771958892	0.00112333164704698	0.00111290612098367
V9	0.000704397096678339	0.00128348395675466	0.00183091007000539
V44	0.000696475406548546	0.000854072189586097	0.00132830730569018
V98b	0.000662353713892608	0.000581103286580601	0.00165140908274996
V96	0.000655175662544469	0.000929050226564103	0.00157960868784778
V42b	0.000653837368079962	0.000517883939205884	0.00172320947765213
mvr_mconsumosdolares	0.000653144534505378	0.00118518522965453	0.00150780829294561
V108	0.000636465613063725	0.00156669886021993	0.00157960868784778
mv_mconsumototal	0.000630846515333223	0.00158653839052197	0.00143600789804344
V115d	0.000628624729897932	0.000615839842761216	0.00150780829294561
mextraccion_autoservicio	0.000620610121202045	0.00222212534341302	0.00215401184706516
V43b	0.000620514580249092	0.000512619938969668	0.00147190809549453
V3	0.000619431671142775	0.00166751110003789	0.0017950098725543
V60	0.000616627048444542	0.000883868611091247	0.00143600789804344
V107	0.000616398329890777	0.000919050679896896	0.00157960868784778
V117	0.000613315588536393	0.000454288591814295	0.00100520552863041
V105b	0.000613268979673914	0.000891756712285553	0.00140010770059235
mv_mpagado	0.000609757106619167	0.00317170074736876	0.0012924071082391
V110b	0.000603395623194641	0.000715727880857033	0.00157960868784778
V33	0.000587970312509257	0.00101052216299318	0.00150780829294561
V87b	0.000571005155393724	0.000459769029035014	0.00107700592353258
V99b	0.000570971524208733	0.000475556290247652	0.00125650691078801
V87	0.00056227023636045	0.000891257485372395	0.0012924071082391
V94b	0.000559529327454692	0.00129092496549193	0.00150780829294561
V64b	0.000553295280404439	0.00075631692469523	0.00150780829294561
V68	0.000547565645056316	0.000736529528849308	0.00143600789804344
V116b	0.000539412552473923	0.000803673968837135	0.00107700592353258
mvr_mpagosdolares	0.000520063159295208	0.00339946749708535	0.00132830730569018
V67	0.000511772187835323	0.000964011118889239	0.00140010770059235
mforex_sell	0.000477433768068079	0.00179908029921923	0.00107700592353258
V99	0.00047182582306036	0.00178181194550316	0.00132830730569018
V115b	0.000467738272392975	0.000960793791013772	0.00107700592353258
cseguro_vida	0.000454562083062423	0.00206985402565563	0.000789804343923892
minversion2	0.000452560164645623	0.00317202777259352	0.000682103751570634
Master_cconsumos	0.000448994493927007	0.00143994577890177	0.00118470651588584
mvr_mpagado	0.00043096342369656	0.00178942278618082	0.00100520552863041
V76b	0.000429986587695153	0.000385197798797952	0.000574403159217376
mv_status04	0.000421979753031106	0.000358208738763317	0.000466702566864118
V66	0.000418729683758308	0.000732376940427671	0.000969305331179321
V43	0.000418671840472055	0.00240151921700935	0.00136420750314127
mv_mconsumosdolares	0.000416032538873981	0.000425447968671363	0.00100520552863041
ctarjeta_master	0.000410230274678156	0.00015145059503148	0.000394902171961946
V100	0.000393249712667617	0.000675957189996734	0.00118470651588584
active_quarter	0.000393190637440967	0.000867244828832667	0.000861604738826064
V64	0.000381912314260957	0.000552178142425473	0.00111290612098367
ccheques_depositados	0.000379423061866903	0.00511701977583938	0.00100520552863041
V71	0.000378070039443276	0.00137910565852457	0.000789804343923892
cpagomiscuentas	0.000373725928492006	0.000672725643633235	0.000969305331179321
V57b	0.000372688322957597	0.0013562778759876	0.000969305331179321
V76	0.000369469979607861	0.000148837552897416	0.000215401184706516
Master_mconsumototal	0.000360952147798634	0.00151335583261614	0.00089750493627715
mvr_mconsumototal	0.000354027106172524	0.00101043132265297	0.000969305331179321
ccajas_consultas	0.00034569953833798	0.00273611894630988	0.000969305331179321
cprestamos_personales	0.000344061829878076	0.00379228719538499	0.00089750493627715
V98	0.000342840715825573	0.000815369465160277	0.00107700592353258
V68b	0.000329991714150159	0.000614226044369471	0.000969305331179321
V90b	0.00032886367051249	0.000491123164895779	0.00107700592353258
V73	0.000314708567157386	0.00312596461086261	0.00100520552863041
V79	0.000305730854982929	0.000190376075769817	0.00035900197451086
ccajas_extracciones	0.000296739297744497	0.000387638639243616	0.000574403159217376
catm_trx	0.000290268722461163	0.000708817695672996	0.000682103751570634
V59	0.000279642652137391	0.000121738694538526	0.000323101777059774
V77	0.000278501050146639	0.000363996453308748	0.00035900197451086
V44b	0.000266066908105655	0.000654305592386486	0.00089750493627715
mv_mpagosdolares	0.000265122586831073	0.0015917644747901	0.000646203554119548
V59b	0.000264872295341314	0.000144676275399759	0.000287201579608688
V100b	0.000258204680086295	0.000547972629631713	0.00089750493627715
V48b	0.000256948659571563	0.00215383078572652	0.000682103751570634
Visa_mpagosdolares	0.000243316994193512	0.000890701384507104	0.000682103751570634
V110	0.000215990650416676	0.00046264590311369	0.000466702566864118
V71b	0.000204421932123609	0.000373375915914516	0.000394902171961946
matm	0.000194752229771649	0.000604620665787179	0.000753904146472806
Visa_mpagado	0.0001894690717777	0.00110503956219253	0.000466702566864118
V30	0.000186854150572883	0.000231301623824796	0.00053850296176629
V26	0.000183289212647317	0.000377834991744864	0.000394902171961946
Master_mconsumosdolares	0.000173064162398217	0.000217899119021692	0.000287201579608688
mttarjeta_master_debitos_automaticos	0.000169234449477108	0.00111414729369367	0.000394902171961946
V31	0.000168457829261901	0.000753154890939892	0.000753904146472806
mv_status07	0.00016700114062308	8.20043398143124e-05	0.000107700592353258
ctarjeta_master_transacciones	0.000165248145650318	0.000570856496204821	0.000394902171961946
V27	0.00014744080113001	0.00010203976928481	0.000143600789804344
mcheques_depositados	0.000141185856177979	0.00201646360309173	0.000394902171961946
V35b	0.00013039966296635	0.000142842880359504	0.000215401184706516
V79b	0.000110405698454612	0.000328656401302733	0.000394902171961946
V35	0.00010509015294501	6.51341037631606e-05	0.000143600789804344
Visa_msaldodolares	0.000102867312968079	0.000282548214359727	0.000215401184706516
cforex_sell	9.99231309794204e-05	0.000303698215308811	0.000251301382157602
mvr_msaldodolares2	9.93444733653407e-05	6.05794480965904e-05	0.000143600789804344
cseguro_accidentes_personales	9.61672913460584e-05	0.000280609760491228	0.000215401184706516
cextraccion_autoservicio	9.48664283379069e-05	0.00029465367708782	0.000466702566864118
V72b	9.44528984322942e-05	6.02097674077324e-05	0.000143600789804344
mvr_msaldodolares	9.33880048966187e-05	6.44524062535786e-05	0.00017950098725543
Master_mpagosdolares	9.25106043290299e-05	0.000188765437042079	0.000215401184706516
V72	7.89927748312529e-05	7.66234320098246e-05	0.000215401184706516
Master_mpagado	6.98557112568624e-05	0.000824121734460589	0.000430802369413032
V75	6.76640732394277e-05	0.000194333554939002	0.000143600789804344
mv_msaldodolares	5.75705472002473e-05	0.000163781973736099	0.000143600789804344
cforex	4.98576655461331e-05	7.17630788505449e-05	0.000143600789804344
cplazo_fijo	4.6102576187021e-05	0.000383748302934588	0.000107700592353258
V29	3.60019336926382e-05	2.20410261991519e-05	7.1800394902172e-05
ccajas_depositos	3.13103535267157e-05	0.000521350090621928	0.000107700592353258
mv_status05	2.51930358026105e-05	9.67504917365347e-05	0.000143600789804344
ctarjeta_master_debitos_automaticos	2.46382360592402e-05	0.000180020276985784	7.1800394902172e-05
Master_msaldodolares	2.39954116651581e-05	4.53869936333323e-05	7.1800394902172e-05
Master_madelantodolares	2.25538985986956e-05	3.53913965461349e-05	7.1800394902172e-05
mv_status03	1.73056984711565e-05	2.95294298965307e-05	7.1800394902172e-05
cseguro_vivienda	1.45034143205915e-05	2.11863370851684e-05	3.5900197451086e-05
V114b	1.33732329402157e-05	3.81687412085805e-05	3.5900197451086e-05
V119	1.09058096053743e-05	5.92989942576187e-06	3.5900197451086e-05
V19	4.44073645919636e-06	2.16413287022243e-05	3.5900197451086e-05
catm_trx_other	3.99053184424649e-06	1.47761687302919e-05	3.5900197451086e-05
