Feature	Gain	Cover	Frequency
ctrx_quarter	0.216058026121216	0.0213674248714236	0.0167437761621503
cpayroll_trx	0.117972926487903	0.0222198422864781	0.00561797752808989
mtarjeta_visa_consumo	0.101600743220219	0.0214572163786612	0.0136593963428068
mcaja_ahorro	0.0980147817935706	0.0147671332689113	0.0148711169861203
ctarjeta_visa_transacciones	0.0481745270463381	0.0093231056371754	0.00947345230226922
mpayroll	0.0311817999912375	0.0199454291140584	0.00760079312623926
mcuentas_saldo	0.0300338636943886	0.0234490792529458	0.0307336417713153
mprestamos_personales	0.0269049031180057	0.0253343842966288	0.0127781449658515
mactivos_margen	0.0186942250649919	0.0217052598506655	0.0308437981934347
mrentabilidad_annual	0.0151077588981769	0.0152657391625186	0.0308437981934347
Visa_status	0.0149737033353836	0.0200531176886096	0.00451641330689579
mcuenta_corriente	0.0147563195796096	0.0217389768956376	0.0350297422339722
cproductos	0.0112345822112575	0.0177378133357589	0.018285966071822
Master_fechaalta	0.0109312720341763	0.0125836597437396	0.0243445692883895
Visa_mpagominimo	0.0108526106082809	0.0169979136417236	0.0170742454285085
cliente_edad	0.00905846785595849	0.0293547148362569	0.0356906807666887
mtarjeta_master_consumo	0.0086163181133328	0.00331875436745502	0.00297422339722406
Visa_Fvencimiento	0.00715255302066085	0.0171759797197002	0.0315047367261511
Visa_fechaalta	0.00664240602866834	0.013552369824999	0.027428949107733
Master_Fvencimiento	0.00660259382350449	0.0166136694515765	0.0349195858118528
ccomisiones_otras	0.00644917662715828	0.0185614541870982	0.0178453403833444
mrentabilidad	0.00547797339594178	0.0094258328551968	0.0196078431372549
mcomisiones_mantenimiento	0.00540055937888271	0.0170009022849628	0.0120070500110156
tcallcenter	0.00528429307439064	0.00527746730834843	0.00198281559814937
numero_de_cliente	0.00527571427114108	0.0145709578916798	0.0237937871777925
mcuenta_debitos_automaticos	0.00522287243384314	0.00467223747910872	0.00682969817140339
mtransferencias_recibidas	0.00518029868434957	0.0106833558164662	0.0142101784534038
thomebanking	0.00500275689033448	0.00539751404446611	0.00374531835205993
chomebanking_transacciones	0.00493586225437632	0.0190597017218537	0.0153117426745979
Master_mfinanciacion_limite	0.00485623862259429	0.0127625608326328	0.0243445692883895
cliente_antiguedad	0.00474104340711742	0.009594004053811	0.020158625247852
Visa_msaldototal	0.004662246801245	0.00546181336426065	0.00947345230226922
Visa_mconsumospesos	0.00448948192487007	0.016271492415568	0.0187265917602996
Master_status	0.00448396044717934	0.0186309688459097	0.0046265697290152
ccuenta_debitos_automaticos	0.00400880735355866	0.00770105866024057	0.00517735183961225
ccallcenter_transacciones	0.00393417912827613	0.0146027613699679	0.00771094954835867
ctarjeta_debito_transacciones	0.00387197512881667	0.0133637860886847	0.00738048028200044
Visa_mfinanciacion_limite	0.00381459387649755	0.00865903189279662	0.0213703458911655
mcomisiones	0.00360189974436608	0.00903680474833968	0.0160828376294338
mcaja_ahorro_dolares	0.00360127340239919	0.0128614713549227	0.0146508041418815
Master_msaldopesos	0.00352376341493328	0.0131161462052901	0.0117867371667768
cprestamos_personales	0.00348133538285987	0.00230437962669111	0.0034148490857017
Visa_msaldopesos	0.00346808254772096	0.00650083136470232	0.0114562679004186
mpasivos_margen	0.00333964827888151	0.00986436667177508	0.0136593963428068
cmobile_app_trx	0.00326052300982059	0.00651697142987882	0.0102445472571051
mcomisiones_otras	0.00316727922180979	0.00772109892224028	0.013989865609165
Visa_mpagospesos	0.00310294477074009	0.00852551016801143	0.0148711169861203
ctransferencias_recibidas	0.0030992849876595	0.0103599282547487	0.0121172064331351
Master_fultimo_cierre	0.00304302289151878	0.00624593036554496	0.00980392156862745
mautoservicio	0.00295003242767399	0.00563612537232441	0.00495703899537343
ccaja_seguridad	0.00280317218812731	0.00196573399101762	0.0023132848645076
ccomisiones_mantenimiento	0.00277425591236126	0.00441516893078021	0.00286406697510465
Master_mlimitecompra	0.00275593355302508	0.00898115822916897	0.0114562679004186
mpagomiscuentas	0.00261487650822562	0.00558249331699013	0.00682969817140339
ctarjeta_master_transacciones	0.00261353207426557	0.00149995098485919	0.0023132848645076
ccajas_otras	0.00251262787014025	0.0252219918272472	0.00385547477417933
Visa_fultimo_cierre	0.00242022081458871	0.00954729215144849	0.00749063670411985
mplazo_fijo_dolares	0.00230767431271668	0.0167054093176196	0.00473672615113461
mtransferencias_emitidas	0.00228420130333606	0.0111880224976435	0.00660938532716457
ccaja_ahorro	0.00227187406083781	0.0175812105175526	0.0057281339502093
Visa_mconsumosdolares	0.00224293213900253	0.00948123235030467	0.00991407799074686
tpaquete4	0.00216177707422393	0.00977610949709686	0.0034148490857017
ctarjeta_visa_debitos_automaticos	0.00204712485507419	0.0110986519750764	0.0080414188147169
ctransferencias_emitidas	0.00204620440182528	0.00764881828976738	0.00716016743776162
Visa_mlimitecompra	0.0019930251285896	0.00759101813827413	0.0106851729455827
mdescubierto_preacordado	0.00187829540480628	0.0162223937736687	0.00396563119629874
cseguro_vida	0.00180838217928074	0.0031601231685636	0.00385547477417933
Visa_cconsumos	0.00173642548514766	0.00531341104909825	0.0123375192773739
Visa_mpagosdolares	0.00168106225968791	0.0119616496742873	0.0057281339502093
mforex_sell	0.00160931375576869	0.0013312126746641	0.00253359770874642
ccajas_consultas	0.00151401041008142	0.0183840317633699	0.00374531835205993
Master_msaldototal	0.00141099213463912	0.00385388850945374	0.00594844679444812
Master_mpagospesos	0.00128783371959455	0.00497987637607712	0.00583829037232871
Visa_mpagado	0.001239242520962	0.0106612106311141	0.00638907248292576
mttarjeta_visa_debitos_automaticos	0.00120105058093695	0.00394680782841661	0.00528750826173166
Master_mconsumospesos	0.00118588175904906	0.00614743039028911	0.00627891606080635
Visa_mconsumototal	0.00113274771856408	0.00552214638220109	0.00429610046265697
Master_cconsumos	0.00112259861664346	0.00440865584563031	0.00627891606080635
cpagomiscuentas	0.0011026114113907	0.00299759525206113	0.00407578761841815
ctarjeta_debito	0.000934308562014884	0.00318478730351428	0.00363516192994052
Visa_msaldodolares	0.0008992250047163	0.0062390902344527	0.00506719541749284
matm	0.000830110623968154	0.00347068808295243	0.00374531835205993
mextraccion_autoservicio	0.00078965543619747	0.00326783261838771	0.00363516192994052
active_quarter	0.000726103860141281	0.00209136138342827	0.00176250275391055
ctarjeta_visa	0.000725934894919879	0.00549768404155527	0.00242344128662701
cinversion2	0.000713572449521003	0.00927228478526052	0.00187265917602996
cextraccion_autoservicio	0.000622199963482135	0.00277587201999217	0.0034148490857017
tcuentas	0.000587608546710831	0.00021731854948361	0.000440625688477638
cplazo_fijo	0.000579790204405	0.00282793147143341	0.00121172064331351
Master_mpagosdolares	0.0005469771087847	0.00366476549525583	0.00275391055298524
Master_mconsumosdolares	0.000536590746248344	0.00212514453343125	0.00187265917602996
catm_trx	0.000525622614078975	0.00307844518406619	0.0034148490857017
mttarjeta_master_debitos_automaticos	0.000379955026786268	0.000456531781044328	0.000440625688477638
mcaja_ahorro_adicional	0.000378916196920155	0.00226573253809863	0.00165234633179114
Master_mconsumototal	0.000374363818635708	0.00094463741237465	0.00121172064331351
ctarjeta_master	0.000335909747727173	0.000960794873611913	0.00132187706543291
internet	0.000330100578701979	0.0022580434792411	0.0011015642211941
minversion2	0.000321449428788212	0.00796516565475405	0.00176250275391055
Master_mpagado	0.000282981760548538	0.00358986153681978	0.00220312844238819
mcheques_depositados	0.000266759494337558	0.002837353177943	0.00143203348755232
cforex_sell	0.000188534607697265	0.000604113002138686	0.000550782110597048
catm_trx_other	0.000166921797298822	0.00109373904917975	0.000881251376955276
matm_other	0.000164438753814211	0.000928866143686341	0.0011015642211941
ccheques_depositados	0.000160603531613269	0.00385674146341898	0.00154218990967173
ccajas_extracciones	0.00013952351649826	0.000987581327975755	0.000660938532716457
mprestamos_prendarios	9.10119091665526e-05	0.00019839511458493	0.000220312844238819
Master_msaldodolares	7.8583900980882e-05	0.000418420491123361	0.000550782110597048
ctarjeta_master_debitos_automaticos	7.1087884519905e-05	0.00039818191403095	0.000550782110597048
cseguro_auto	6.93890011769211e-05	0.000403637318686425	0.000330469266358229
ccajas_depositos	3.40512231426975e-05	2.6699474060024e-05	0.00011015642211941
cprestamos_prendarios	2.79244499901985e-05	0.000114904460555949	0.00011015642211941
ccheques_emitidos	2.1210637532807e-05	0.000163627347542733	0.000220312844238819
minversion1_pesos	1.87937422107117e-05	8.72273278810089e-05	0.00011015642211941
cforex	1.54885557030651e-05	0.000142919076809704	0.000220312844238819
tmobile_app	5.47617991018024e-06	1.73925815514803e-05	0.00011015642211941
mcheques_emitidos	3.43826037953055e-06	4.34831934847772e-05	0.00011015642211941
