fecha	objective	metric	first_metric_only	boost_from_average	feature_pre_filter	verbosity	seed	max_depth	min_gain_to_split	max_bin	num_iterations	force_row_wise	learning_rate	feature_fraction	min_data_in_leaf	num_leaves	lambda_l1	lambda_l2	prob_corte	ganancia
20211017 220843	binary	custom	TRUE	TRUE	FALSE	-100	999983	-1	0	15	787	TRUE	0.0205895501599298	0.422447758051567	4533	600	58	164	0.0433042942274063	7450000
20211017 221109	binary	custom	TRUE	TRUE	FALSE	-100	999983	-1	0	15	386	TRUE	0.0459110126993619	0.595040851878002	2036	269	29	123	0.0467263952807948	8046250
20211017 221225	binary	custom	TRUE	TRUE	FALSE	-100	999983	-1	0	15	139	TRUE	0.0664806744229281	0.544724259176292	2802	607	53	135	0.043096885210312	7545000
20211017 221408	binary	custom	TRUE	TRUE	FALSE	-100	999983	-1	0	15	242	TRUE	0.0643219152663369	0.383291248728832	3824	765	38	62	0.0482368322357738	7985000
20211017 221447	binary	custom	TRUE	TRUE	FALSE	-100	999983	-1	0	15	131	TRUE	0.0523489602009067	0.780067065016677	4038	709	70	101	0.0402084956380023	7310000
20211017 221829	binary	custom	TRUE	TRUE	FALSE	-100	999983	-1	0	15	1037	TRUE	0.0129191540408647	0.684055204705025	1369	186	45	57	0.0488198926643341	7702500
20211017 222133	binary	custom	TRUE	TRUE	FALSE	-100	999983	-1	0	15	263	TRUE	0.0285142172969063	0.940752736409195	2351	173	3	81	0.0468343683599433	8407500
20211017 222324	binary	custom	TRUE	TRUE	FALSE	-100	999983	-1	0	15	364	TRUE	0.0577140800797497	0.748139140964486	5862	494	16	74	0.0504571695008912	8140000
20211017 222445	binary	custom	TRUE	TRUE	FALSE	-100	999983	-1	0	15	178	TRUE	0.0709880650968989	0.723811643105	4820	94	6	147	0.0471320347936834	8343750
20211017 222649	binary	custom	TRUE	TRUE	FALSE	-100	999983	-1	0	15	221	TRUE	0.0509600670644431	0.51877343407056	7023	458	67	129	0.0469733372366434	7187500
20211017 222756	binary	custom	TRUE	TRUE	FALSE	-100	999983	-1	0	15	87	TRUE	0.0390958749546553	0.627289665909484	5470	17	74	33	0.0407137936052781	6823750
20211017 222847	binary	custom	TRUE	TRUE	FALSE	-100	999983	-1	0	15	84	TRUE	0.0808464410027955	0.811419579875656	1252	330	19	49	0.0508293260231816	8453750
20211017 223052	binary	custom	TRUE	TRUE	FALSE	-100	999983	-1	0	15	293	TRUE	0.0145583437202731	0.645590056851506	1999	797	85	20	0.0461214888706365	7420000
20211017 223246	binary	custom	TRUE	TRUE	FALSE	-100	999983	-1	0	15	201	TRUE	0.0605392633014708	0.446413671947084	3551	950	61	180	0.042544880186644	7566250
20211017 223327	binary	custom	TRUE	TRUE	FALSE	-100	999983	-1	0	15	92	TRUE	0.0822523650384392	0.881799412301431	7540	542	11	172	0.0455301607858145	7916250
20211017 223635	binary	custom	TRUE	TRUE	FALSE	-100	999983	-1	0	15	466	TRUE	0.0244989799635368	0.305298465009158	6750	102	99	198	0.0439639044187089	6916250
20211017 223732	binary	custom	TRUE	TRUE	FALSE	-100	999983	-1	0	15	160	TRUE	0.0964069723780267	0.204899915199106	7899	231	78	154	0.0473280249192201	6871250
20211017 224010	binary	custom	TRUE	TRUE	FALSE	-100	999983	-1	0	15	309	TRUE	0.0359626631825813	0.261284580943175	6373	936	79	90	0.0432480133132484	6978750
20211017 224216	binary	custom	TRUE	TRUE	FALSE	-100	999983	-1	0	15	436	TRUE	0.0402411292065517	0.905067770190847	238	863	35	97	0.0463973067138376	8221250
20211017 224246	binary	custom	TRUE	TRUE	FALSE	-100	999983	-1	0	15	85	TRUE	0.0909755406272598	0.85970242106511	537	817	95	186	0.0468728925382654	7682500
20211017 224433	binary	custom	TRUE	TRUE	FALSE	-100	999983	-1	0	15	111	TRUE	0.0770956487156218	0.34552074666135	867	370	89	6	0.0460708295963184	7491250
20211017 224633	binary	custom	TRUE	TRUE	FALSE	-100	999983	-1	0	15	108	TRUE	0.0882671967570786	0.274030519137159	6156	1024	21	32	0.0478028169044925	8190000
20211017 224705	binary	custom	TRUE	TRUE	FALSE	-100	999983	-1	0	15	90	TRUE	0.0931594162981492	0.992106105472582	5167	663	46	15	0.0477153499405702	7711250
20211017 225151	binary	custom	TRUE	TRUE	FALSE	-100	999983	-1	0	15	773	TRUE	0.0309791862007114	0.478272800760654	3210	429	28	115	0.0451085336605303	8038750
20211017 225314	binary	custom	TRUE	TRUE	FALSE	-100	999983	-1	0	15	151	TRUE	0.0834858543941937	0.711741236561303	650	812	7	38	0.0494400832325547	8483750
20211017 225412	binary	custom	TRUE	TRUE	FALSE	-100	999983	-1	0	15	128	TRUE	0.086703270161259	0.621569402961837	12	23	5	30	0.0481107005763242	8436250
20211017 225453	binary	custom	TRUE	TRUE	FALSE	-100	999983	-1	0	15	84	TRUE	0.0739417889468626	0.838999753151583	0	1024	20	1	0.0502862501090391	7685000
20211017 225656	binary	custom	TRUE	TRUE	FALSE	-100	999983	-1	0	15	175	TRUE	0.0976447579992631	0.572053195452044	1197	434	4	67	0.0493040117247157	8523750
20211017 225920	binary	custom	TRUE	TRUE	FALSE	-100	999983	-1	0	15	305	TRUE	0.0884738332215021	0.806551159706336	1507	337	5	51	0.0476589576913689	8530000
20211017 230105	binary	custom	TRUE	TRUE	FALSE	-100	999983	-1	0	15	152	TRUE	0.0752614620227707	0.873424529281508	4	158	0	109	0.0463093198473912	8183750
20211017 230223	binary	custom	TRUE	TRUE	FALSE	-100	999983	-1	0	15	120	TRUE	0.0816265784573966	0.340005799530171	1620	487	8	48	0.0494620858369128	8405000
20211017 230351	binary	custom	TRUE	TRUE	FALSE	-100	999983	-1	0	15	230	TRUE	0.0986047050334818	0.778998707124604	1067	785	9	65	0.0517383652224281	8472500
20211017 230542	binary	custom	TRUE	TRUE	FALSE	-100	999983	-1	0	15	121	TRUE	0.0533333879641901	0.672566156535526	578	410	5	57	0.0463679440321824	8226250
20211017 230727	binary	custom	TRUE	TRUE	FALSE	-100	999983	-1	0	15	277	TRUE	0.0998422599740761	0.746934281403856	2249	271	3	38	0.0489935420398635	8317500
20211017 230806	binary	custom	TRUE	TRUE	FALSE	-100	999983	-1	0	15	50	TRUE	0.0877558926950795	0.643098754491942	1056	637	8	63	0.0496187896584061	8402500
20211017 230855	binary	custom	TRUE	TRUE	FALSE	-100	999983	-1	0	15	64	TRUE	0.0999679728014705	0.981210685091576	1412	142	5	76	0.0487421052908142	8198750
20211017 231055	binary	custom	TRUE	TRUE	FALSE	-100	999983	-1	0	15	147	TRUE	0.0953890648879681	0.447719153772639	1363	864	1	52	0.0459383991714414	8181250
20211017 231156	binary	custom	TRUE	TRUE	FALSE	-100	999983	-1	0	15	61	TRUE	0.0928781033060031	0.577747245771195	433	365	8	49	0.0471938717226985	8452500
20211017 231300	binary	custom	TRUE	TRUE	FALSE	-100	999983	-1	0	15	137	TRUE	0.0894746431922594	0.268751364451562	3928	297	19	34	0.0481669509161146	8167500
20211017 231455	binary	custom	TRUE	TRUE	FALSE	-100	999983	-1	0	15	234	TRUE	0.0839186374397269	0.516323682660393	3184	360	5	72	0.0464557570656353	8311250
20211017 231538	binary	custom	TRUE	TRUE	FALSE	-100	999983	-1	0	15	61	TRUE	0.0946686605329584	0.828459289995345	448	482	5	39	0.0459375621145304	8186250
20211017 231646	binary	custom	TRUE	TRUE	FALSE	-100	999983	-1	0	15	207	TRUE	0.0762963791181925	0.793237487084966	1622	212	9	101	0.0494380881629249	8213750
20211017 231739	binary	custom	TRUE	TRUE	FALSE	-100	999983	-1	0	15	123	TRUE	0.0698096167851711	0.80633230511019	1815	860	8	57	0.0478466170978256	8468750
20211017 231855	binary	custom	TRUE	TRUE	FALSE	-100	999983	-1	0	15	106	TRUE	0.09356789322784	0.531977026342367	1284	68	8	68	0.0497485887497748	8573750
20211017 232207	binary	custom	TRUE	TRUE	FALSE	-100	999983	-1	0	15	417	TRUE	0.0309600499466257	0.439915339014739	1855	52	0	73	0.0468461819530278	8451250
20211017 232327	binary	custom	TRUE	TRUE	FALSE	-100	999983	-1	0	15	183	TRUE	0.0771452792916792	0.368652175270544	1516	17	7	81	0.0508046828542712	8526250
20211017 232430	binary	custom	TRUE	TRUE	FALSE	-100	999983	-1	0	15	83	TRUE	0.07391492267093	0.566865597696137	1363	109	5	31	0.0488141395827668	8382500
20211017 232524	binary	custom	TRUE	TRUE	FALSE	-100	999983	-1	0	15	81	TRUE	0.0991267306793675	0.542808351660054	1241	16	0	90	0.0506207370093752	8472500
20211017 232650	binary	custom	TRUE	TRUE	FALSE	-100	999983	-1	0	15	209	TRUE	0.0845626495939608	0.409350817565367	1533	17	15	68	0.0514423811566015	8481250
20211017 232817	binary	custom	TRUE	TRUE	FALSE	-100	999983	-1	0	15	249	TRUE	0.0410605365578537	0.838813771211326	1707	785	10	57	0.0480545012974512	8328750
20211017 233020	binary	custom	TRUE	TRUE	FALSE	-100	999983	-1	0	15	364	TRUE	0.0745507076920628	0.317753258407195	1819	17	0	68	0.0498019364095281	8435000
20211017 233307	binary	custom	TRUE	TRUE	FALSE	-100	999983	-1	0	15	433	TRUE	0.0324964294850017	0.340093127781224	1611	178	12	75	0.0475419384843582	8292500
20211017 233822	binary	custom	TRUE	TRUE	FALSE	-100	999983	-1	0	15	1245	TRUE	0.0125344582007244	0.901032669484222	4808	51	2	153	0.046772143959784	8448750
20211017 233956	binary	custom	TRUE	TRUE	FALSE	-100	999983	-1	0	15	220	TRUE	0.0953207332720441	0.40896838835414	727	53	9	134	0.0501256847196794	8452500
20211017 234038	binary	custom	TRUE	TRUE	FALSE	-100	999983	-1	0	15	117	TRUE	0.084792684016493	0.839787013064835	4711	837	14	23	0.0487598226974806	8035000
20211017 234237	binary	custom	TRUE	TRUE	FALSE	-100	999983	-1	0	15	387	TRUE	0.0979906048914373	0.229011259009693	815	47	7	66	0.0477462567287279	8311250
20211017 234536	binary	custom	TRUE	TRUE	FALSE	-100	999983	-1	0	15	478	TRUE	0.0408182191374073	0.91066566436815	4703	49	0	118	0.0469127098731319	8371250
20211017 234746	binary	custom	TRUE	TRUE	FALSE	-100	999983	-1	0	15	195	TRUE	0.046118367476756	0.443100264558976	1992	22	0	143	0.0475329999915196	8300000
20211017 235001	binary	custom	TRUE	TRUE	FALSE	-100	999983	-1	0	15	105	TRUE	0.0886732443560431	0.401586687365504	63	77	4	74	0.046627391494346	8633750
20211017 235444	binary	custom	TRUE	TRUE	FALSE	-100	999983	-1	0	15	719	TRUE	0.0169379799469126	0.985869886876993	3842	323	6	85	0.0446491480733318	8360000
20211017 235619	binary	custom	TRUE	TRUE	FALSE	-100	999983	-1	0	15	134	TRUE	0.0693517241006125	0.452588790794241	11	39	4	78	0.0467514195591131	8602500
20211017 235730	binary	custom	TRUE	TRUE	FALSE	-100	999983	-1	0	15	94	TRUE	0.096253716231395	0.437510383821116	585	78	4	76	0.0466330081868621	8368750
20211017 235936	binary	custom	TRUE	TRUE	FALSE	-100	999983	-1	0	15	152	TRUE	0.0671216891794812	0.38084256350951	1	193	4	71	0.0477580134716283	8578750
20211018 000118	binary	custom	TRUE	TRUE	FALSE	-100	999983	-1	0	15	180	TRUE	0.0842441444916723	0.385966688448973	3	39	14	105	0.0503547708556552	8562500
20211018 000421	binary	custom	TRUE	TRUE	FALSE	-100	999983	-1	0	15	263	TRUE	0.0342353818264102	0.519008371513034	0	19	2	73	0.0499859327995705	8708750
20211018 000601	binary	custom	TRUE	TRUE	FALSE	-100	999983	-1	0	15	88	TRUE	0.0755542635978103	0.557181755774146	29	25	2	70	0.047486747793453	8607500
