fecha		cp  minsplit minbucket maxdepth	ganancia
20210826 232436	-1	2	0	4	3515000
20210826 232500	-1	2	1	4	3515000
20210826 232524	-1	4	0	4	3515000
20210826 232549	-1	4	1	4	3515000
20210826 232612	-1	4	2	4	3515000
20210826 232636	-1	8	0	4	3515000
20210826 232659	-1	8	1	4	3515000
20210826 232723	-1	8	2	4	3515000
20210826 232747	-1	8	4	4	3353750
20210826 232810	-1	10	1	4	3515000
20210826 232834	-1	10	2	4	3515000
20210826 232859	-1	10	3	4	3358750
20210826 232923	-1	10	5	4	3410000
20210826 232946	-1	15	1	4	3515000
20210826 233010	-1	15	3	4	3358750
20210826 233033	-1	15	5	4	3410000
20210826 233057	-1	15	7	4	3406250
20210826 233120	-1	20	2	4	3515000
20210826 233145	-1	20	4	4	3353750
20210826 233208	-1	20	6	4	3411250
20210826 233233	-1	20	10	4	3636250
20210826 233256	-1	30	3	4	3358750
20210826 233320	-1	30	6	4	3411250
20210826 233344	-1	30	10	4	3636250
20210826 233407	-1	30	15	4	3650000
20210826 233432	-1	50	5	4	3410000
20210826 233455	-1	50	10	4	3636250
20210826 233519	-1	50	16	4	3648750
20210826 233543	-1	50	25	4	3651250
20210826 233606	-1	100	10	4	3636250
20210826 233630	-1	100	20	4	3641250
20210826 233653	-1	100	33	4	3496250
20210826 233717	-1	100	50	4	3692500
20210826 233740	-1	150	15	4	3650000
20210826 233804	-1	150	30	4	3670000
20210826 233827	-1	150	50	4	3692500
20210826 233851	-1	150	75	4	3942500
20210826 233914	-1	200	20	4	3641250
20210826 233938	-1	200	40	4	3583750
20210826 234001	-1	200	66	4	3912500
20210826 234025	-1	200	100	4	4490000
20210826 234049	-1	300	30	4	3670000
20210826 234112	-1	300	60	4	3665000
20210826 234136	-1	300	100	4	4490000
20210826 234200	-1	300	150	4	3933750
20210826 234223	-1	400	40	4	3583750
20210826 234246	-1	400	80	4	4288750
20210826 234310	-1	400	133	4	4156250
20210826 234334	-1	400	200	4	3933750
20210826 234419	-1	2	0	8	4378750
20210826 234504	-1	2	1	8	4378750
20210826 234550	-1	4	0	8	4422500
20210826 234634	-1	4	1	8	4422500
20210826 234719	-1	4	2	8	4553750
20210826 234804	-1	8	0	8	4406250
20210826 234849	-1	8	1	8	4406250
20210826 234934	-1	8	2	8	4531250
20210826 235019	-1	8	4	8	3951250
20210826 235104	-1	10	1	8	4405000
20210826 235149	-1	10	2	8	4528750
20210826 235234	-1	10	3	8	4248750
20210826 235319	-1	10	5	8	3466250
20210826 235404	-1	15	1	8	4441250
20210826 235449	-1	15	3	8	4280000
20210826 235534	-1	15	5	8	3536250
20210826 235619	-1	15	7	8	3722500
20210826 235704	-1	20	2	8	4536250
20210826 235749	-1	20	4	8	3943750
20210826 235834	-1	20	6	8	3723750
20210826 235919	-1	20	10	8	3832500
20210827 000004	-1	30	3	8	4265000
20210827 000049	-1	30	6	8	3652500
20210827 000134	-1	30	10	8	3840000
20210827 000219	-1	30	15	8	3530000
20210827 000304	-1	50	5	8	3758750
20210827 000349	-1	50	10	8	3928750
20210827 000434	-1	50	16	8	3488750
20210827 000520	-1	50	25	8	3672500
20210827 000605	-1	100	10	8	3762500
20210827 000650	-1	100	20	8	3916250
20210827 000735	-1	100	33	8	3547500
20210827 000820	-1	100	50	8	3418750
20210827 000906	-1	150	15	8	3626250
20210827 000950	-1	150	30	8	4266250
20210827 001036	-1	150	50	8	3183750
20210827 001120	-1	150	75	8	2986250
20210827 001206	-1	200	20	8	3682500
20210827 001251	-1	200	40	8	3446250
20210827 001336	-1	200	66	8	3448750
20210827 001421	-1	200	100	8	3665000
20210827 001506	-1	300	30	8	3781250
20210827 001550	-1	300	60	8	3565000
20210827 001635	-1	300	100	8	3520000
20210827 001720	-1	300	150	8	2928750
20210827 001805	-1	400	40	8	3388750
20210827 001850	-1	400	80	8	3330000
20210827 001935	-1	400	133	8	3241250
20210827 002019	-1	400	200	8	3117500
20210827 002148	-1	2	0	16	3312500
20210827 002317	-1	2	1	16	3312500
20210827 002446	-1	4	0	16	3356250
20210827 002617	-1	4	1	16	3356250
20210827 002745	-1	4	2	16	3765000
20210827 002914	-1	8	0	16	3468750
20210827 003042	-1	8	1	16	3468750
20210827 003210	-1	8	2	16	3817500
20210827 003338	-1	8	4	16	2082500
20210827 003507	-1	10	1	16	3408750
20210827 003635	-1	10	2	16	3827500
20210827 003803	-1	10	3	16	2167500
20210827 003930	-1	10	5	16	2523750
20210827 004059	-1	15	1	16	3357500
20210827 004226	-1	15	3	16	2217500
20210827 004353	-1	15	5	16	2555000
20210827 004520	-1	15	7	16	1778750
20210827 004649	-1	20	2	16	3712500
20210827 004816	-1	20	4	16	1916250
20210827 004943	-1	20	6	16	2303750
20210827 005108	-1	20	10	16	1487500
20210827 005237	-1	30	3	16	2283750
20210827 005404	-1	30	6	16	2260000
20210827 005529	-1	30	10	16	1720000
20210827 005655	-1	30	15	16	616250
20210827 005822	-1	50	5	16	2651250
20210827 005949	-1	50	10	16	1848750
20210827 010114	-1	50	16	16	923750
20210827 010239	-1	50	25	16	82500
20210827 010405	-1	100	10	16	1443750
20210827 010531	-1	100	20	16	-46250
20210827 010655	-1	100	33	16	-538750
20210827 010819	-1	100	50	16	105000
20210827 010944	-1	150	15	16	1251250
20210827 011108	-1	150	30	16	716250
20210827 011232	-1	150	50	16	-60000
20210827 011353	-1	150	75	16	-125000
20210827 011518	-1	200	20	16	750000
20210827 011641	-1	200	40	16	420000
20210827 011803	-1	200	66	16	522500
20210827 011923	-1	200	100	16	1560000
20210827 012047	-1	300	30	16	651250
20210827 012209	-1	300	60	16	1537500
20210827 012329	-1	300	100	16	1440000
20210827 012448	-1	300	150	16	1922500
20210827 012611	-1	400	40	16	1372500
20210827 012809	-1	400	80	16	1983750
20210827 071418	-1	400	133	16	2505000
20210827 071534	-1	400	200	16	2590000
20210827 071557	0	2	0	4	2681250
20210827 071620	0	2	1	4	2681250
20210827 071643	0	4	0	4	2681250
20210827 071705	0	4	1	4	2681250
20210827 071728	0	4	2	4	2682500
20210827 071751	0	8	0	4	2681250
20210827 071814	0	8	1	4	2681250
20210827 071837	0	8	2	4	2682500
20210827 071900	0	8	4	4	1946250
20210827 071923	0	10	1	4	2681250
20210827 071945	0	10	2	4	2682500
20210827 072008	0	10	3	4	1947500
20210827 072031	0	10	5	4	1745000
20210827 072055	0	15	1	4	2681250
20210827 072118	0	15	3	4	1947500
20210827 072141	0	15	5	4	1745000
20210827 072205	0	15	7	4	1747500
20210827 072228	0	20	2	4	2682500
20210827 072251	0	20	4	4	1946250
20210827 072314	0	20	6	4	1746250
20210827 072338	0	20	10	4	1835000
20210827 072401	0	30	3	4	1947500
20210827 072424	0	30	6	4	1746250
20210827 072448	0	30	10	4	1835000
20210827 072511	0	30	15	4	1842500
20210827 072534	0	50	5	4	555000
20210827 072557	0	50	10	4	1835000
20210827 072620	0	50	16	4	1285000
20210827 072644	0	50	25	4	721250
20210827 072707	0	100	10	4	1113750
20210827 072730	0	100	20	4	0
20210827 072753	0	100	33	4	0
20210827 072817	0	100	50	4	0
20210827 072840	0	150	15	4	1121250
20210827 072903	0	150	30	4	0
20210827 072926	0	150	50	4	0
20210827 072950	0	150	75	4	0
20210827 073013	0	200	20	4	0
20210827 073036	0	200	40	4	0
20210827 073059	0	200	66	4	0
20210827 073123	0	200	100	4	0
20210827 073146	0	300	30	4	0
20210827 073209	0	300	60	4	0
20210827 073233	0	300	100	4	0
20210827 073256	0	300	150	4	0
20210827 073319	0	400	40	4	0
20210827 073343	0	400	80	4	0
20210827 073406	0	400	133	4	0
20210827 073429	0	400	200	4	0
20210827 073514	0	2	0	8	4445000
20210827 073559	0	2	1	8	4445000
20210827 073644	0	4	0	8	4435000
20210827 073729	0	4	1	8	4435000
20210827 073814	0	4	2	8	3962500
20210827 073859	0	8	0	8	4426250
20210827 073944	0	8	1	8	4426250
20210827 074029	0	8	2	8	3970000
20210827 074113	0	8	4	8	4443750
20210827 074159	0	10	1	8	4500000
20210827 074244	0	10	2	8	4043750
20210827 074328	0	10	3	8	4057500
20210827 074414	0	10	5	8	4166250
20210827 074459	0	15	1	8	4536250
20210827 074543	0	15	3	8	4607500
20210827 074628	0	15	5	8	4611250
20210827 074713	0	15	7	8	3727500
20210827 074757	0	20	2	8	4646250
20210827 074842	0	20	4	8	4798750
20210827 074927	0	20	6	8	3472500
20210827 075012	0	20	10	8	3600000
20210827 075057	0	30	3	8	4357500
20210827 075142	0	30	6	8	3198750
20210827 075227	0	30	10	8	3056250
20210827 075312	0	30	15	8	2965000
20210827 075357	0	50	5	8	3887500
20210827 075442	0	50	10	8	3062500
20210827 075526	0	50	16	8	2020000
20210827 075611	0	50	25	8	721250
20210827 075656	0	100	10	8	1113750
20210827 075741	0	100	20	8	0
20210827 075826	0	100	33	8	0
20210827 075910	0	100	50	8	0
20210827 075956	0	150	15	8	1121250
20210827 080041	0	150	30	8	0
20210827 080125	0	150	50	8	0
20210827 080209	0	150	75	8	0
20210827 080254	0	200	20	8	0
20210827 080339	0	200	40	8	0
20210827 080423	0	200	66	8	0
20210827 080508	0	200	100	8	0
20210827 080552	0	300	30	8	0
20210827 080637	0	300	60	8	0
20210827 080721	0	300	100	8	0
20210827 080805	0	300	150	8	0
20210827 080850	0	400	40	8	0
20210827 080935	0	400	80	8	0
20210827 081019	0	400	133	8	0
20210827 081103	0	400	200	8	0
20210827 081232	0	2	0	16	3752500
20210827 081401	0	2	1	16	3752500
20210827 081530	0	4	0	16	3792500
20210827 081659	0	4	1	16	3792500
20210827 081827	0	4	2	16	3893750
20210827 081955	0	8	0	16	3945000
20210827 082124	0	8	1	16	3945000
20210827 082252	0	8	2	16	4146250
20210827 082419	0	8	4	16	3555000
20210827 082548	0	10	1	16	3937500
20210827 082715	0	10	2	16	4358750
20210827 082842	0	10	3	16	3703750
20210827 083009	0	10	5	16	4433750
20210827 083138	0	15	1	16	3987500
20210827 083305	0	15	3	16	3981250
20210827 083432	0	15	5	16	4757500
20210827 083558	0	15	7	16	3431250
20210827 083725	0	20	2	16	4572500
20210827 083852	0	20	4	16	4346250
20210827 084018	0	20	6	16	3793750
20210827 084143	0	20	10	16	4451250
20210827 084310	0	30	3	16	4308750
20210827 084436	0	30	6	16	4192500
20210827 084600	0	30	10	16	4315000
20210827 084725	0	30	15	16	4681250
20210827 084852	0	50	5	16	4548750
20210827 085017	0	50	10	16	4132500
20210827 085142	0	50	16	16	2353750
20210827 085306	0	50	25	16	721250
20210827 085430	0	100	10	16	2168750
20210827 085555	0	100	20	16	0
20210827 085718	0	100	33	16	0
20210827 085840	0	100	50	16	0
20210827 090004	0	150	15	16	1121250
20210827 090127	0	150	30	16	0
20210827 090249	0	150	50	16	0
20210827 090409	0	150	75	16	0
20210827 090534	0	200	20	16	0
20210827 090656	0	200	40	16	0
20210827 090817	0	200	66	16	0
20210827 090937	0	200	100	16	0
20210827 091100	0	300	30	16	0
20210827 091221	0	300	60	16	0
20210827 091340	0	300	100	16	0
20210827 091501	0	300	150	16	0
20210827 091623	0	400	40	16	0
20210827 091743	0	400	80	16	0
20210827 091901	0	400	133	16	0
20210827 092016	0	400	200	16	0
20211004 171032	-1	2	5	5	3888750
20211004 171144	-1	2	0	5	3973750
20211004 171227	-1	2	1	5	3973750
20211004 171313	-1	4	5	5	3888750
20211004 171357	-1	4	0	5	3970000
20211004 171441	-1	4	1	5	3970000
20211004 171531	-1	4	2	5	3397500
20211004 171616	-1	8	5	5	3888750
20211004 171645	-1	8	0	5	3970000
20211004 171714	-1	8	1	5	3970000
20211004 171804	-1	8	2	5	3397500
20211004 171911	-1	8	4	5	3323750
20211004 172013	-1	10	5	5	3888750
20211004 172118	-1	10	1	5	3970000
20211004 172226	-1	10	2	5	3397500
20211004 172333	-1	10	3	5	3386250
20211004 172438	-1	15	5	5	3888750
20211004 172542	-1	15	1	5	3970000
20211004 172646	-1	15	3	5	3386250
20211004 172749	-1	15	7	5	3843750
20211004 172854	-1	20	5	5	3888750
20211004 172943	-1	20	2	5	3397500
20211004 173013	-1	20	4	5	3323750
20211004 173041	-1	20	6	5	3907500
20211004 173111	-1	20	10	5	4181250
20211004 173141	-1	30	5	5	3880000
20211004 173210	-1	30	3	5	3377500
20211004 173240	-1	30	6	5	3902500
20211004 173309	-1	30	10	5	4181250
20211004 173338	-1	30	15	5	4133750
20211004 173414	-1	2	5	6	3962500
20211004 173449	-1	2	0	6	4146250
20211004 173529	-1	2	1	6	4146250
20211004 173608	-1	4	5	6	3962500
20211004 173643	-1	4	0	6	4142500
20211004 173717	-1	4	1	6	4142500
20211004 173753	-1	4	2	6	3618750
20211004 173836	-1	8	5	6	3962500
20211004 173930	-1	8	0	6	4140000
20211004 174005	-1	8	1	6	4140000
20211004 174040	-1	8	2	6	3612500
20211004 174114	-1	8	4	6	3765000
20211004 174156	-1	10	5	6	3962500
20211004 174250	-1	10	1	6	4140000
20211004 174340	-1	10	2	6	3610000
20211004 174415	-1	10	3	6	3518750
20211004 174514	-1	15	5	6	3953750
20211004 174617	-1	15	1	6	4137500
20211004 174706	-1	15	3	6	3516250
20211004 174805	-1	15	7	6	4193750
20211004 174845	-1	20	5	6	3948750
20211004 174920	-1	20	2	6	3606250
20211004 174955	-1	20	4	6	3747500
20211004 175030	-1	20	6	6	3990000
20211004 175104	-1	20	10	6	4003750
20211004 175139	-1	30	5	6	3931250
20211004 175213	-1	30	3	6	3502500
20211004 175248	-1	30	6	6	3976250
20211004 175325	-1	30	10	6	3997500
20211004 175400	-1	30	15	6	4063750
20211004 175440	-1	2	5	7	4187500
20211004 175519	-1	2	0	7	3448750
20211004 175559	-1	2	1	7	3448750
20211004 175639	-1	4	5	7	4187500
20211004 175720	-1	4	0	7	3491250
20211004 175812	-1	4	1	7	3491250
20211004 175902	-1	4	2	7	3746250
20211004 175947	-1	8	5	7	4187500
20211004 180027	-1	8	0	7	3481250
20211004 180106	-1	8	1	7	3481250
20211004 180146	-1	8	2	7	3732500
20211004 180227	-1	8	4	7	4278750
20211004 180321	-1	10	5	7	4187500
20211004 180408	-1	10	1	7	3481250
20211004 180447	-1	10	2	7	3726250
20211004 180528	-1	10	3	7	3958750
20211004 180608	-1	15	5	7	4175000
20211004 180647	-1	15	1	7	3477500
20211004 180728	-1	15	3	7	3998750
20211004 180810	-1	15	7	7	4147500
20211004 180850	-1	20	5	7	4153750
20211004 180930	-1	20	2	7	3755000
20211004 181010	-1	20	4	7	4237500
20211004 181051	-1	20	6	7	4376250
20211004 181142	-1	20	10	7	4212500
20211004 181334	-1	30	5	7	4130000
20211004 181513	-1	30	3	7	3963750
20211004 181649	-1	30	6	7	4356250
20211004 181809	-1	30	10	7	4183750
