fecha	objective	metric	first_metric_only	boost_from_average	feature_pre_filter	verbosity	seed	max_depth	min_gain_to_split	num_iterations	force_row_wise	learning_rate	feature_fraction	min_data_in_leaf	num_leaves	lambda_l1	lambda_l2	max_bin	ratio_corte	iteracion_bayesiana	ganancia
20211014 210959	binary	custom	TRUE	TRUE	FALSE	-100	999983	-1	0	46	TRUE	0.0591880201282246	0.31404532617723	6439	401	7	73	18	0.0354508528891441	1	7680874.9582625
20211014 211016	binary	custom	TRUE	TRUE	FALSE	-100	999983	-1	0	7	TRUE	0.0282605465474938	0.74143302938402	5160	179	11	23	46	0.0356038139745283	2	7681374.9551875
20211014 211039	binary	custom	TRUE	TRUE	FALSE	-100	999983	-1	0	35	TRUE	0.0772911391194378	0.762671857959192	414	415	6	80	40	0.0288650289847326	3	7881499.9583125
20211014 211106	binary	custom	TRUE	TRUE	FALSE	-100	999983	-1	0	52	TRUE	0.0544820918302451	0.64886421097825	3104	473	2	35	64	0.0318562677172168	4	8210624.95685
20211014 211124	binary	custom	TRUE	TRUE	FALSE	-100	999983	-1	0	54	TRUE	0.0422136116047789	0.487815679198164	5458	563	17	11	12	0.0509211657032041	5	4581124.954425
20211014 211137	binary	custom	TRUE	TRUE	FALSE	-100	999983	-1	0	12	TRUE	0.0358576650864312	0.6864241187178	4160	789	18	37	52	0.0318732633935122	6	8110874.9574
20211014 211207	binary	custom	TRUE	TRUE	FALSE	-100	999983	-1	0	116	TRUE	0.0541851109126583	0.841728778719802	3456	938	11	59	23	0.0344353613350152	7	7710624.9575875
20211014 211224	binary	custom	TRUE	TRUE	FALSE	-100	999983	-1	0	40	TRUE	0.0762602851433413	0.472387876293422	1495	148	9	62	38	0.0325615882171942	8	7927499.95575
20211014 211239	binary	custom	TRUE	TRUE	FALSE	-100	999983	-1	0	43	TRUE	0.0904656308570078	0.36191517177753	7772	820	13	57	16	0.0428779627011347	9	6835624.9545875
20211014 211254	binary	custom	TRUE	TRUE	FALSE	-100	999983	-1	0	44	TRUE	0.0692091588190358	0.268420327639407	1821	699	12	44	9	0.0267745609291363	10	1672499.9811625
20211014 211332	binary	custom	TRUE	TRUE	FALSE	-100	999983	-1	0	15	TRUE	0.0681288139402334	0.333202407237176	7419	350	4	31	28	0.0352808961559322	11	7825124.9537625
20211014 211417	binary	custom	TRUE	TRUE	FALSE	-100	999983	-1	0	24	TRUE	0.0325483271845483	0.190786999124768	7690	622	10	67	48	0.0366702925520199	12	7779624.9553
20211014 211530	binary	custom	TRUE	TRUE	FALSE	-100	999983	-1	0	54	TRUE	0.0467763687384182	0.227856700095747	1519	736	12	47	60	0.0307048107616472	13	7872624.9575375
20211014 211641	binary	custom	TRUE	TRUE	FALSE	-100	999983	-1	0	97	TRUE	0.0953494817384386	0.908569974739138	6070	205	15	19	44	0.0337980235436187	14	7869624.955725
20211014 211725	binary	custom	TRUE	TRUE	FALSE	-100	999983	-1	0	11	TRUE	0.0979648490522855	0.538510552934271	840	849	14	76	36	0.0302183095742161	15	8208249.9571375
20211014 211902	binary	custom	TRUE	TRUE	FALSE	-100	999983	-1	0	25	TRUE	0.0501424960499363	0.80437001351633	131	286	1	26	33	0.0336025732872533	16	8136874.9553375
20211014 211948	binary	custom	TRUE	TRUE	FALSE	-100	999983	-1	0	29	TRUE	0.0390515373880044	0.560309942598022	4702	249	20	70	21	0.035693041260633	17	7866874.9554
20211014 212239	binary	custom	TRUE	TRUE	FALSE	-100	999983	-1	0	193	TRUE	0.0204672412421288	0.600382833097995	2149	21	0	86	56	0.0311169558727215	18	8096624.95675
20211014 212345	binary	custom	TRUE	TRUE	FALSE	-100	999983	-1	0	55	TRUE	0.086950474003596	0.418385827002515	5874	911	5	10	42	0.0292346849048558	19	7838124.958525
20211014 212421	binary	custom	TRUE	TRUE	FALSE	-100	999983	-1	0	15	TRUE	0.0656948771274516	0.815605078958574	6773	505	15	83	59	0.0310149818245089	20	8040124.95705
20211014 212512	binary	custom	TRUE	TRUE	FALSE	-100	999983	-1	0	31	TRUE	0.0722879773338458	0.988370118771646	4413	524	0	53	10	0.0552763073098973	21	2843124.9567875
20211014 212549	binary	custom	TRUE	TRUE	FALSE	-100	999983	-1	0	23	TRUE	0.0622812462418473	0.229942526551895	5626	960	19	90	25	0.034528837547417	22	7789624.9569
20211014 212634	binary	custom	TRUE	TRUE	FALSE	-100	999983	-1	0	18	TRUE	0.0914446909466226	0.153393768717901	3655	298	4	42	63	0.0331734325003086	23	8011499.9560875
20211014 212738	binary	custom	TRUE	TRUE	FALSE	-100	999983	-1	0	45	TRUE	0.0853862267539704	0.88623547413902	2587	633	19	4	33	0.0332159216882853	24	8275874.955875
20211014 212850	binary	custom	TRUE	TRUE	FALSE	-100	999983	-1	0	82	TRUE	0.0300165427748912	0.423671039377639	3964	104	6	1	6	0.00492662117985047	25	337999.99885
20211014 212940	binary	custom	TRUE	TRUE	FALSE	-100	999983	-1	0	22	TRUE	0.0449613344037373	0.119827415855668	1151	670	3	94	30	0.0358969893608821	26	7852249.9540875
20211014 213027	binary	custom	TRUE	TRUE	FALSE	-100	999983	-1	0	40	TRUE	0.0812074517990862	0.941645834800355	2837	71	17	99	13	0.0499779057673824	27	5617249.953325
20211014 213150	binary	custom	TRUE	TRUE	FALSE	-100	999983	-1	0	73	TRUE	0.0248017051829291	0.631694629308601	7031	997	8	15	53	0.0334326165391702	28	8041374.9559625
20211014 213233	binary	custom	TRUE	TRUE	FALSE	-100	999983	-1	0	11	TRUE	0.0732987849459003	0.972146219494395	3635	553	9	95	33	0.0345458332277489	29	8123124.9553125
20211014 213331	binary	custom	TRUE	TRUE	FALSE	-100	999983	-1	0	24	TRUE	0.09284641812411	0.795217308136465	3474	504	1	36	55	0.0284698795499537	30	7958874.9582125
20211014 213416	binary	custom	TRUE	TRUE	FALSE	-100	999983	-1	0	6	TRUE	0.0361604046508409	0.714918143650811	5930	929	16	32	35	0.0337257919282858	31	8280124.9554625
20211014 213527	binary	custom	TRUE	TRUE	FALSE	-100	999983	-1	0	52	TRUE	0.0274105691196109	0.741787176170696	6461	13	1	23	61	0.0339509846149815	32	7878124.9557
20211014 213613	binary	custom	TRUE	TRUE	FALSE	-100	999983	-1	0	11	TRUE	0.0748382831814405	0.871414016602359	2478	1023	7	14	35	0.0337257919272236	33	8249374.95485
20211014 213700	binary	custom	TRUE	TRUE	FALSE	-100	999983	-1	0	9	TRUE	0.049423295612624	0.759980438213611	139	844	19	45	34	0.0322216747212404	34	8135749.9569125
20211014 213810	binary	custom	TRUE	TRUE	FALSE	-100	999983	-1	0	37	TRUE	0.0238336050003564	0.53594414891911	4320	850	2	86	59	0.0314143801772994	35	8064374.955675
20211014 213842	binary	custom	TRUE	TRUE	FALSE	-100	999983	-1	0	4	TRUE	0.0978304021754193	0.708138798928202	6209	600	15	29	35	0.0330927030466155	36	8215624.955175
20211014 214002	binary	custom	TRUE	TRUE	FALSE	-100	999983	-1	0	97	TRUE	0.0471184302645394	0.957150236789553	6601	225	13	99	23	0.0359182339520025	37	7634499.9550625
20211014 214055	binary	custom	TRUE	TRUE	FALSE	-100	999983	-1	0	34	TRUE	0.0595684957934295	0.34256283239755	3905	807	12	13	33	0.0345033440406219	38	8105624.9553375
20211014 214218	binary	custom	TRUE	TRUE	FALSE	-100	999983	-1	0	82	TRUE	0.0437884721776003	0.829957339851218	3380	18	14	72	61	0.0340784521744505	39	7983999.9557875
20211014 214251	binary	custom	TRUE	TRUE	FALSE	-100	999983	-1	0	8	TRUE	0.078974946611527	0.954135351131414	4174	975	20	47	37	0.0320559668939307	40	8121374.95675
20211014 214338	binary	custom	TRUE	TRUE	FALSE	-100	999983	-1	0	20	TRUE	0.0439192320995249	0.995509665261164	5501	733	7	100	53	0.0303436526743606	41	7980874.958
20211014 214440	binary	custom	TRUE	TRUE	FALSE	-100	999983	-1	0	34	TRUE	0.0998109144130597	0.861307373329576	1181	564	11	54	31	0.0327825319865156	42	7922999.9557375
20211014 214522	binary	custom	TRUE	TRUE	FALSE	-100	999983	-1	0	3	TRUE	0.0323860645546225	0.965552092893746	3703	573	13	0	35	0.03472641227033	43	8208999.9543125
20211014 214622	binary	custom	TRUE	TRUE	FALSE	-100	999983	-1	0	21	TRUE	0.0303511922536507	0.60850345857274	4737	851	0	77	35	0.0342462844644838	44	8342499.9559
20211014 214706	binary	custom	TRUE	TRUE	FALSE	-100	999983	-1	0	16	TRUE	0.0428858785017326	0.433824225299615	6911	385	5	100	65	0.0335345905869579	45	8218374.9558125
20211014 214758	binary	custom	TRUE	TRUE	FALSE	-100	999983	-1	0	49	TRUE	0.0805328183854869	0.61260191266955	7686	693	18	34	65	0.0310404753334285	46	8218374.957675
20211014 214840	binary	custom	TRUE	TRUE	FALSE	-100	999983	-1	0	16	TRUE	0.0984059513494791	0.712056190955827	5019	1023	7	92	65	0.031686310971683	47	8142624.95755
20211014 215059	binary	custom	TRUE	TRUE	FALSE	-100	999983	-1	0	193	TRUE	0.0202896050186394	0.612604866371691	5375	963	14	47	65	0.0298592759485908	48	8320124.9579375
20211014 215139	binary	custom	TRUE	TRUE	FALSE	-100	999983	-1	0	12	TRUE	0.0477974354741166	0.603981300329082	7986	960	7	55	64	0.0342781513513769	49	8218749.9556
20211014 215246	binary	custom	TRUE	TRUE	FALSE	-100	999983	-1	0	71	TRUE	0.0425160811523525	0.597587129854044	4699	773	20	100	64	0.0310362264183911	50	8237124.9567375
20211014 215422	binary	custom	TRUE	TRUE	FALSE	-100	999983	-1	0	74	TRUE	0.046654106119735	0.930013389132117	5377	603	12	66	65	0.0306410769836123	51	8446999.957075
20211014 215520	binary	custom	TRUE	TRUE	FALSE	-100	999983	-1	0	26	TRUE	0.0580508630053487	0.999832262074014	617	1019	20	52	65	0.0338107702995656	52	8411124.9554
20211014 215724	binary	custom	TRUE	TRUE	FALSE	-100	999983	-1	0	54	TRUE	0.0259419933612569	0.994212808345522	168	610	10	86	65	0.0334156208660615	53	8537374.95555
20211014 215830	binary	custom	TRUE	TRUE	FALSE	-100	999983	-1	0	4	TRUE	0.0214097891458841	0.998783807837265	292	761	12	0	65	0.0317712893444499	54	8483124.9578
20211014 215934	binary	custom	TRUE	TRUE	FALSE	-100	999983	-1	0	16	TRUE	0.0291447863372866	0.991093286767532	242	488	20	30	65	0.0323873825504621	55	8448124.95625
20211014 220026	binary	custom	TRUE	TRUE	FALSE	-100	999983	-1	0	9	TRUE	0.08212661828375	0.998110499775323	214	523	13	61	65	0.0335090970742143	56	8278374.9556875
20211014 220320	binary	custom	TRUE	TRUE	FALSE	-100	999983	-1	0	184	TRUE	0.0203881772403939	0.983145741520021	165	904	18	6	56	0.031758542588503	57	8414374.956725
20211014 220511	binary	custom	TRUE	TRUE	FALSE	-100	999983	-1	0	110	TRUE	0.0234000664464615	0.998543908449542	2327	1001	19	18	63	0.0314781139574588	58	8206124.9568625
20211014 221045	binary	custom	TRUE	TRUE	FALSE	-100	999983	-1	0	272	TRUE	0.020019904341284	0.920970316209839	113	1006	10	81	56	0.0310404753366152	59	8275624.956875
20211014 221142	binary	custom	TRUE	TRUE	FALSE	-100	999983	-1	0	27	TRUE	0.089020266374861	0.955952191556039	102	972	15	1	49	0.0301991894334974	60	8200874.9593375
20211014 221231	binary	custom	TRUE	TRUE	FALSE	-100	999983	-1	0	16	TRUE	0.0750315834787431	0.648251357246761	134	117	20	0	54	0.0314802384172081	61	8323499.9576
20211014 221341	binary	custom	TRUE	TRUE	FALSE	-100	999983	-1	0	3	TRUE	0.0217561475293071	0.998186078206832	163	230	12	10	54	0.0277773057997623	62	8058499.959925
20211014 221441	binary	custom	TRUE	TRUE	FALSE	-100	999983	-1	0	30	TRUE	0.077836634308905	0.888928878109696	144	1012	20	7	55	0.0312954104542785	63	8114374.9573875
20211014 221532	binary	custom	TRUE	TRUE	FALSE	-100	999983	-1	0	51	TRUE	0.0997981359090889	0.215815399537949	1418	185	20	0	49	0.0337937746249697	64	7777999.9556875
20211014 221606	binary	custom	TRUE	TRUE	FALSE	-100	999983	-1	0	3	TRUE	0.0822308283675969	0.358557231256817	7819	15	20	0	56	0.0341209413626397	65	7755499.9559125
20211014 221811	binary	custom	TRUE	TRUE	FALSE	-100	999983	-1	0	63	TRUE	0.0201867173486455	0.605669084358138	154	1020	0	76	49	0.0317415469153943	66	8317124.957775
20211014 221856	binary	custom	TRUE	TRUE	FALSE	-100	999983	-1	0	7	TRUE	0.0936590768948869	0.578199522662994	2041	1020	0	99	47	0.0320984560819075	67	7836749.957025
20211014 222130	binary	custom	TRUE	TRUE	FALSE	-100	999983	-1	0	16	TRUE	0.0233612803640656	0.586621907626116	102	932	0	0	52	0.0295958429908677	68	7430874.958825
20211014 222254	binary	custom	TRUE	TRUE	FALSE	-100	999983	-1	0	63	TRUE	0.0206218630404338	0.584702391747855	216	1023	18	87	48	0.03282927008868	69	8041874.956675
20211014 222421	binary	custom	TRUE	TRUE	FALSE	-100	999983	-1	0	92	TRUE	0.0457437763940586	0.923578956444166	7564	1021	0	61	49	0.0317457958319188	70	8175624.9569
20211014 222523	binary	custom	TRUE	TRUE	FALSE	-100	999983	-1	0	16	TRUE	0.0352151007712133	0.792504874988908	105	829	13	80	65	0.0321876833724736	71	8317624.9569125
20211014 222610	binary	custom	TRUE	TRUE	FALSE	-100	999983	-1	0	13	TRUE	0.0216548012572223	0.927743104334679	2088	507	20	31	57	0.0319667396027273	72	8078124.9568125
20211014 222752	binary	custom	TRUE	TRUE	FALSE	-100	999983	-1	0	22	TRUE	0.0200995272216958	0.999261907547183	175	421	4	49	65	0.0335430884276549	73	8455624.954875
20211014 222825	binary	custom	TRUE	TRUE	FALSE	-100	999983	-1	0	12	TRUE	0.0320967667169241	0.965888486633164	7960	950	0	21	33	0.0338787529998611	74	8171124.95515
20211014 222842	binary	custom	TRUE	TRUE	FALSE	-100	999983	-1	0	20	TRUE	0.020020292814051	0.994122307823565	3866	1010	1	77	44	0.0367340263334539	75	7849124.9550375
20211014 222859	binary	custom	TRUE	TRUE	FALSE	-100	999983	-1	0	43	TRUE	0.0950477179956982	0.984352199964805	143	41	8	60	50	0.0304753691541781	76	8014624.957525
20211014 222927	binary	custom	TRUE	TRUE	FALSE	-100	999983	-1	0	138	TRUE	0.0202366211925493	0.416848144166997	7953	987	2	78	21	0.0330544627677276	77	7894374.9595125
20211014 222940	binary	custom	TRUE	TRUE	FALSE	-100	999983	-1	0	18	TRUE	0.0406148305045318	0.524759303761982	7983	1013	5	100	36	0.0306368280632637	78	8239499.9577
20211014 222956	binary	custom	TRUE	TRUE	FALSE	-100	999983	-1	0	26	TRUE	0.0494296009981116	0.999938677320094	209	70	2	100	65	0.0337130451714891	79	8441874.95535
20211014 223026	binary	custom	TRUE	TRUE	FALSE	-100	999983	-1	0	111	TRUE	0.0211133296328869	0.645944876356685	1269	20	8	100	65	0.0325127256508191	80	8366374.9563
20211014 223039	binary	custom	TRUE	TRUE	FALSE	-100	999983	-1	0	25	TRUE	0.0200683588221232	0.228549039254078	7923	16	1	98	34	0.031813778531152	81	8133874.956975
20211014 223057	binary	custom	TRUE	TRUE	FALSE	-100	999983	-1	0	43	TRUE	0.0203746932820614	0.57884453717049	7961	680	9	78	32	0.0315758390872348	82	7984874.95775
20211014 223105	binary	custom	TRUE	TRUE	FALSE	-100	999983	-1	0	5	TRUE	0.0920243865249615	0.122856881793901	3408	947	0	97	35	0.033088454130091	83	8111874.9571375
20211014 223117	binary	custom	TRUE	TRUE	FALSE	-100	999983	-1	0	5	TRUE	0.0545814810591022	0.639089207405817	7954	321	0	3	36	0.0331691835820845	84	8294124.956925
20211014 223128	binary	custom	TRUE	TRUE	FALSE	-100	999983	-1	0	11	TRUE	0.0695870446315721	0.91491101124673	7292	8	0	72	35	0.0348432575350886	85	8427124.954825
20211014 223138	binary	custom	TRUE	TRUE	FALSE	-100	999983	-1	0	9	TRUE	0.0719752183572029	0.880897059778838	7969	673	0	67	36	0.0326678111795944	86	8255624.956625
20211014 223149	binary	custom	TRUE	TRUE	FALSE	-100	999983	-1	0	8	TRUE	0.0804983697650072	0.870525098428504	5455	8	4	1	34	0.0341676794686282	87	8219624.9551125
20211014 223201	binary	custom	TRUE	TRUE	FALSE	-100	999983	-1	0	12	TRUE	0.0542860030449482	0.647109416483255	5871	100	0	92	35	0.0344905972863745	88	8365874.95565
20211014 223217	binary	custom	TRUE	TRUE	FALSE	-100	999983	-1	0	44	TRUE	0.0734313589841384	0.998743177937583	7738	16	0	100	65	0.0310022350679247	89	8226874.9571875
20211014 223243	binary	custom	TRUE	TRUE	FALSE	-100	999983	-1	0	95	TRUE	0.0358598784072884	0.999870182216192	1788	133	8	74	65	0.0322514171528454	90	8463124.9567
20211014 223253	binary	custom	TRUE	TRUE	FALSE	-100	999983	-1	0	5	TRUE	0.0994256853890842	0.973828155632603	1781	30	20	96	35	0.0331904281776662	91	8265624.955625
20211014 223307	binary	custom	TRUE	TRUE	FALSE	-100	999983	-1	0	36	TRUE	0.0557216188434522	0.635441262279192	3083	20	19	0	65	0.03044562672491	92	8357624.9565375
20211014 223318	binary	custom	TRUE	TRUE	FALSE	-100	999983	-1	0	4	TRUE	0.051714672148738	0.844889109253381	7954	150	20	1	35	0.0344098678299197	93	8321124.955375
20211014 223330	binary	custom	TRUE	TRUE	FALSE	-100	999983	-1	0	47	TRUE	0.0621186291694857	0.118676777935828	7999	37	20	0	21	0.0334496121995322	94	7666749.956175
20211014 223347	binary	custom	TRUE	TRUE	FALSE	-100	999983	-1	0	23	TRUE	0.0208000047462502	0.901049883123464	7789	71	2	55	36	0.0317160534007387	95	8388374.957025
20211014 223402	binary	custom	TRUE	TRUE	FALSE	-100	999983	-1	0	20	TRUE	0.0225334365865169	0.948373147748581	7032	979	19	0	49	0.0298040400033924	96	8089374.9588125
20211014 223416	binary	custom	TRUE	TRUE	FALSE	-100	999983	-1	0	36	TRUE	0.0795964826839214	0.999075729972631	4099	756	20	0	65	0.0332796554697194	97	8341874.955325
20211014 223426	binary	custom	TRUE	TRUE	FALSE	-100	999983	-1	0	5	TRUE	0.0832639138280015	0.856732250539171	1415	23	20	4	36	0.0310787156036061	98	8286749.956375
20211014 223439	binary	custom	TRUE	TRUE	FALSE	-100	999983	-1	0	13	TRUE	0.0471714837848626	0.931294140718631	7979	97	0	37	35	0.03362806679766	99	8279374.95575
20211014 223453	binary	custom	TRUE	TRUE	FALSE	-100	999983	-1	0	6	TRUE	0.0225965106116757	0.64910910152468	6943	1024	1	14	37	0.0285633557591688	100	8101874.9583375
20211014 223508	binary	custom	TRUE	TRUE	FALSE	-100	999983	-1	0	26	TRUE	0.0565780095958938	0.996587918883739	1677	35	0	100	36	0.0330842052105923	101	8199624.95585
20211014 223518	binary	custom	TRUE	TRUE	FALSE	-100	999983	-1	0	10	TRUE	0.0732244801644749	0.771215411297065	7845	24	20	89	36	0.0321876833705616	102	8227749.9566875
20211014 223559	binary	custom	TRUE	TRUE	FALSE	-100	999983	-1	0	192	TRUE	0.0200890796503537	0.999906579193719	4957	789	7	100	65	0.0318435209633944	103	8341999.95635
20211014 223620	binary	custom	TRUE	TRUE	FALSE	-100	999983	-1	0	123	TRUE	0.0215701132378902	0.10218218792433	7651	703	19	0	65	0.0283360386105993	104	7866874.9587125
20211014 223638	binary	custom	TRUE	TRUE	FALSE	-100	999983	-1	0	59	TRUE	0.0593937621018278	0.911867730416325	2061	28	18	96	65	0.0317500447505678	105	8354374.957075
20211014 223649	binary	custom	TRUE	TRUE	FALSE	-100	999983	-1	0	9	TRUE	0.0986646292456317	0.62430319932332	150	8	0	82	34	0.0308067848100722	106	8086374.956525
20211014 223700	binary	custom	TRUE	TRUE	FALSE	-100	999983	-1	0	19	TRUE	0.0992817214124538	0.467967182871325	6619	15	0	100	58	0.0307791668373668	107	8071124.9581
20211014 223708	binary	custom	TRUE	TRUE	FALSE	-100	999983	-1	0	5	TRUE	0.0952428937276076	0.193535009300592	6143	521	0	94	22	0.0361094352878069	108	7862249.9536125
20211014 223720	binary	custom	TRUE	TRUE	FALSE	-100	999983	-1	0	6	TRUE	0.0665276147627725	0.801213758337233	5042	110	8	0	65	0.0287078189953581	109	8258624.958025
20211014 223733	binary	custom	TRUE	TRUE	FALSE	-100	999983	-1	0	5	TRUE	0.0225461193807117	0.998105350796221	7881	978	16	9	56	0.0334751057250225	110	7935874.9560875
20211014 223756	binary	custom	TRUE	TRUE	FALSE	-100	999983	-1	0	113	TRUE	0.0965523284819204	0.565994943484126	101	8	19	88	55	0.0284656306296052	111	8176874.958525
20211014 223806	binary	custom	TRUE	TRUE	FALSE	-100	999983	-1	0	5	TRUE	0.0997749300199688	0.720670840815698	6770	991	12	68	50	0.0335260927462608	112	8084374.957025
20211014 223827	binary	custom	TRUE	TRUE	FALSE	-100	999983	-1	0	71	TRUE	0.0216782747461698	0.809257733404195	7921	8	0	97	39	0.0325870817269636	113	7925624.956325
20211014 223845	binary	custom	TRUE	TRUE	FALSE	-100	999983	-1	0	43	TRUE	0.0711287120517077	0.642360027095744	108	40	4	79	58	0.0316820620532465	114	8293124.956875
20211014 223905	binary	custom	TRUE	TRUE	FALSE	-100	999983	-1	0	73	TRUE	0.0360637690923893	0.993938449120651	214	1022	20	0	29	0.0324723609219543	115	7951999.956675
20211014 223918	binary	custom	TRUE	TRUE	FALSE	-100	999983	-1	0	12	TRUE	0.0332049443722559	0.770564454447816	6696	9	5	72	35	0.0347880215909524	116	8364624.955425
20211014 223927	binary	custom	TRUE	TRUE	FALSE	-100	999983	-1	0	15	TRUE	0.0697991840116331	0.106480159039986	7997	23	2	64	36	0.0353743723662094	117	7909874.9564375
20211014 223939	binary	custom	TRUE	TRUE	FALSE	-100	999983	-1	0	23	TRUE	0.0964111406195523	0.761558257300544	107	8	17	0	57	0.0311806896494817	118	8421874.9573375
20211014 223950	binary	custom	TRUE	TRUE	FALSE	-100	999983	-1	0	9	TRUE	0.0854973854542282	0.748522092350897	6577	1023	1	99	34	0.034422614588416	119	8197249.95495
20211014 224015	binary	custom	TRUE	TRUE	FALSE	-100	999983	-1	0	82	TRUE	0.0216104401376934	0.999799044715596	1315	627	11	49	65	0.0322386703975358	120	8409374.95625
20211014 224034	binary	custom	TRUE	TRUE	FALSE	-100	999983	-1	0	20	TRUE	0.0572709585037819	0.878492081156177	125	157	17	0	65	0.0296808213640595	121	8607124.958075
20211014 224057	binary	custom	TRUE	TRUE	FALSE	-100	999983	-1	0	41	TRUE	0.0247835082109703	0.243401724325818	1198	982	0	0	26	0.0368275025454308	122	7763124.95425
20211014 224114	binary	custom	TRUE	TRUE	FALSE	-100	999983	-1	0	62	TRUE	0.0645886144635092	0.760719234625451	210	1022	20	0	43	0.0319327482507738	123	8055624.957725
20211014 224129	binary	custom	TRUE	TRUE	FALSE	-100	999983	-1	0	18	TRUE	0.0200119894553373	0.272842022472969	157	1020	0	100	36	0.0304753691543906	124	8107249.9576375
20211014 224139	binary	custom	TRUE	TRUE	FALSE	-100	999983	-1	0	32	TRUE	0.0979691262615525	0.135537010476002	1082	978	20	0	35	0.0356845434271591	125	7964374.9546875
20211014 224154	binary	custom	TRUE	TRUE	FALSE	-100	999983	-1	0	1	TRUE	0.0992845632647377	0.876489573055434	125	216	0	1	65	0.0250749935351953	126	7995124.961
20211014 224204	binary	custom	TRUE	TRUE	FALSE	-100	999983	-1	0	20	TRUE	0.0640580759650787	0.117359122401125	7254	1022	0	92	55	0.0347157899709458	127	7644874.9563
20211014 224217	binary	custom	TRUE	TRUE	FALSE	-100	999983	-1	0	24	TRUE	0.059876622550773	0.504152917877137	104	257	19	0	65	0.0314228780154471	128	8359999.9566875
20211014 224231	binary	custom	TRUE	TRUE	FALSE	-100	999983	-1	0	10	TRUE	0.0450235656771883	0.997138627101333	107	88	12	17	65	0.0326380687503263	129	8363624.9565
20211014 224306	binary	custom	TRUE	TRUE	FALSE	-100	999983	-1	0	115	TRUE	0.0205270516957519	0.995884583320845	120	297	3	95	63	0.0304413778049864	130	8248124.9575
20211014 224325	binary	custom	TRUE	TRUE	FALSE	-100	999983	-1	0	40	TRUE	0.0268990676119513	0.977455748897972	107	877	8	72	49	0.0306368280641135	131	8477624.95735
20211014 224341	binary	custom	TRUE	TRUE	FALSE	-100	999983	-1	0	32	TRUE	0.0572720532508952	0.8521487179049	236	353	18	0	65	0.0284953730612102	132	8534499.9575375
20211014 224359	binary	custom	TRUE	TRUE	FALSE	-100	999983	-1	0	42	TRUE	0.0200542677890015	0.71668447755409	5112	964	6	71	50	0.0298550270284547	133	8064374.958625
20211014 224417	binary	custom	TRUE	TRUE	FALSE	-100	999983	-1	0	30	TRUE	0.0408126902532922	0.99317129712674	121	1024	1	90	49	0.0309554969627861	134	8310874.956625
20211014 224445	binary	custom	TRUE	TRUE	FALSE	-100	999983	-1	0	73	TRUE	0.0201861365970307	0.872320633078145	103	524	0	77	48	0.0315375988176945	135	8084374.957175
20211014 224501	binary	custom	TRUE	TRUE	FALSE	-100	999983	-1	0	31	TRUE	0.0568497555817572	0.777411133867094	103	781	11	66	49	0.0324681120047925	136	8340749.9563875
20211014 224514	binary	custom	TRUE	TRUE	FALSE	-100	999983	-1	0	33	TRUE	0.0995398381775033	0.872480497571571	5521	115	20	58	65	0.0305221072588919	137	8290874.9578375
20211014 224525	binary	custom	TRUE	TRUE	FALSE	-100	999983	-1	0	5	TRUE	0.0698021115583142	0.608798838941985	7972	971	16	0	35	0.0349749740127817	138	8288624.9549375
20211014 224539	binary	custom	TRUE	TRUE	FALSE	-100	999983	-1	0	15	TRUE	0.0266490178773583	0.885087901792362	5828	548	0	73	65	0.033585577612445	139	8268624.9554
20211014 224552	binary	custom	TRUE	TRUE	FALSE	-100	999983	-1	0	13	TRUE	0.0292760215490298	0.466344703128981	7932	456	20	5	36	0.0323193998499542	140	8302499.957
20211014 224612	binary	custom	TRUE	TRUE	FALSE	-100	999983	-1	0	67	TRUE	0.0303389592197288	0.739192283843366	7935	728	20	0	20	0.0320432201262993	141	7771999.960275
20211014 224654	binary	custom	TRUE	TRUE	FALSE	-100	999983	-1	0	177	TRUE	0.0200022975705416	0.675776551633181	6405	97	0	4	31	0.0287545570970976	142	7929624.95945
20211014 224710	binary	custom	TRUE	TRUE	FALSE	-100	999983	-1	0	46	TRUE	0.0804671911981585	0.9963129258364	7886	766	9	17	49	0.0303054124103439	143	8066624.9556375
20211014 224727	binary	custom	TRUE	TRUE	FALSE	-100	999983	-1	0	52	TRUE	0.056931256635875	0.962522557796678	7804	373	20	0	40	0.0284571327942193	144	7733374.958025
20211014 224745	binary	custom	TRUE	TRUE	FALSE	-100	999983	-1	0	51	TRUE	0.047854399072932	0.998293548466872	1837	1024	15	47	49	0.0357992642306812	145	8188874.954625
20211014 224805	binary	custom	TRUE	TRUE	FALSE	-100	999983	-1	0	53	TRUE	0.0719244537244958	0.998467446532404	130	95	0	93	27	0.0315715901685858	146	8119374.9569625
20211014 224821	binary	custom	TRUE	TRUE	FALSE	-100	999983	-1	0	22	TRUE	0.0945509767893208	0.984440686654598	5289	867	0	0	27	0.0329227462985324	147	8064874.9569625
20211014 224830	binary	custom	TRUE	TRUE	FALSE	-100	999983	-1	0	6	TRUE	0.0993816987078951	0.857934041571338	3216	8	20	69	27	0.0329992268346387	148	8088249.9561625
20211014 224843	binary	custom	TRUE	TRUE	FALSE	-100	999983	-1	0	17	TRUE	0.0254086234333594	0.235432935620085	6761	955	20	96	35	0.0318520188002674	149	8388749.9555
20211014 224859	binary	custom	TRUE	TRUE	FALSE	-100	999983	-1	0	29	TRUE	0.0201317777202215	0.493260522807457	3457	288	20	92	35	0.0351343084619055	150	8307499.9549375
20211014 224913	binary	custom	TRUE	TRUE	FALSE	-100	999983	-1	0	32	TRUE	0.0564666134662426	0.987991243694175	7268	171	20	88	65	0.0326805579393653	151	8233874.955675
20211014 224932	binary	custom	TRUE	TRUE	FALSE	-100	999983	-1	0	46	TRUE	0.0204040543042496	0.67721166084877	7738	948	20	98	35	0.0337958990864187	152	8296249.9552
20211014 224951	binary	custom	TRUE	TRUE	FALSE	-100	999983	-1	0	56	TRUE	0.0609109274732981	0.86686400386876	2819	384	0	100	65	0.0313124061292993	153	8394124.95685
20211014 225009	binary	custom	TRUE	TRUE	FALSE	-100	999983	-1	0	55	TRUE	0.0683125102411496	0.61766729108701	4273	86	4	71	65	0.0305221072605914	154	8232249.95725
20211014 225028	binary	custom	TRUE	TRUE	FALSE	-100	999983	-1	0	65	TRUE	0.0476643831194715	0.523247700886197	443	100	17	0	59	0.0337640321952767	155	8179374.955575
20211014 225041	binary	custom	TRUE	TRUE	FALSE	-100	999983	-1	0	18	TRUE	0.0999179227796324	0.923440060964622	7565	624	1	58	61	0.0317160534022258	156	8075624.9566
20211014 225050	binary	custom	TRUE	TRUE	FALSE	-100	999983	-1	0	6	TRUE	0.0910202204471366	0.426778065486257	6160	1015	20	87	35	0.0332201706065094	157	8125624.9561125
20211014 225105	binary	custom	TRUE	TRUE	FALSE	-100	999983	-1	0	83	TRUE	0.0997639152977233	0.100982525296791	7293	964	20	92	65	0.0350939437309163	158	7881749.9551125
20211014 225115	binary	custom	TRUE	TRUE	FALSE	-100	999983	-1	0	2	TRUE	0.0738791525850453	0.731261260737277	1252	271	20	0	26	0.0341039456848572	159	8295874.9559125
20211014 225127	binary	custom	TRUE	TRUE	FALSE	-100	999983	-1	0	18	TRUE	0.0997307227602136	0.730258019786235	688	11	0	47	24	0.0378557408608177	160	7940249.954825
20211014 225139	binary	custom	TRUE	TRUE	FALSE	-100	999983	-1	0	27	TRUE	0.0991607992488023	0.378183542504143	487	986	20	1	26	0.0326550644247097	161	7964374.9565
20211014 225149	binary	custom	TRUE	TRUE	FALSE	-100	999983	-1	0	23	TRUE	0.070470625511486	0.110342659261965	116	8	17	99	26	0.032608326313835	162	7940624.95865
20211014 225234	binary	custom	TRUE	TRUE	FALSE	-100	999983	-1	0	212	TRUE	0.0201710672901777	0.931050764332933	103	984	17	65	53	0.0316820620538838	163	8081374.9565
20211014 225307	binary	custom	TRUE	TRUE	FALSE	-100	999983	-1	0	129	TRUE	0.039493925150557	0.617970111080851	105	543	8	71	56	0.0306198323878181	164	8266874.9576875
20211014 225318	binary	custom	TRUE	TRUE	FALSE	-100	999983	-1	0	17	TRUE	0.0998135431456228	0.97733382232731	4691	15	20	0	54	0.0333093979002622	165	8216124.95535
20211014 225335	binary	custom	TRUE	TRUE	FALSE	-100	999983	-1	0	50	TRUE	0.0978946904067888	0.849465918105267	2879	153	8	100	57	0.0309979861509753	166	8130874.95705
20211014 225348	binary	custom	TRUE	TRUE	FALSE	-100	999983	-1	0	21	TRUE	0.0224341977869982	0.1001238127469	6256	479	20	0	27	0.0359479763812706	167	7839374.95525
20211014 225406	binary	custom	TRUE	TRUE	FALSE	-100	999983	-1	0	53	TRUE	0.0231938294080782	0.150678821376971	153	193	0	96	65	0.0296425810968562	168	7830749.958025
20211014 225422	binary	custom	TRUE	TRUE	FALSE	-100	999983	-1	0	1	TRUE	0.0853053915978212	0.997626322828626	760	616	0	0	36	0.0330374671046038	169	8050624.956
20211014 225433	binary	custom	TRUE	TRUE	FALSE	-100	999983	-1	0	11	TRUE	0.0880995982992268	0.651388255567666	7906	139	9	60	53	0.0300122370193163	170	8160874.960325
20211014 225449	binary	custom	TRUE	TRUE	FALSE	-100	999983	-1	0	17	TRUE	0.0460137236407743	0.995894703294025	156	970	8	0	59	0.0343418851302616	171	8072624.9559625
20211014 225524	binary	custom	TRUE	TRUE	FALSE	-100	999983	-1	0	147	TRUE	0.0200654656601077	0.971875013736652	231	952	15	85	36	0.0319582417652169	172	8254624.9567625
20211014 225542	binary	custom	TRUE	TRUE	FALSE	-100	999983	-1	0	28	TRUE	0.0205502129869525	0.881906224776139	6285	237	17	74	36	0.0315588434113642	173	8248124.956975
20211014 225600	binary	custom	TRUE	TRUE	FALSE	-100	999983	-1	0	11	TRUE	0.0202537347489729	0.733429378866638	2172	1015	20	1	36	0.0315758390868099	174	8218124.9567875
20211014 225614	binary	custom	TRUE	TRUE	FALSE	-100	999983	-1	0	12	TRUE	0.0766950212571882	0.532213285227619	476	1012	0	100	26	0.0332371662802555	175	8041374.956425
20211014 225626	binary	custom	TRUE	TRUE	FALSE	-100	999983	-1	0	17	TRUE	0.0245704393442499	0.132331701556842	2214	814	20	100	36	0.0319157525791521	176	8084624.957225
20211014 225648	binary	custom	TRUE	TRUE	FALSE	-100	999983	-1	0	40	TRUE	0.0200865815690752	0.993268870861602	311	173	3	94	34	0.0323746357949401	177	8143374.956175
20211014 225659	binary	custom	TRUE	TRUE	FALSE	-100	999983	-1	0	7	TRUE	0.0932641418488339	0.942301146827709	6023	54	1	80	36	0.0325615882125204	178	8272374.9571125
