fecha	objective	metric	first_metric_only	boost_from_average	feature_pre_filter	verbosity	seed	max_depth	min_gain_to_split	max_bin	num_iterations	force_row_wise	learning_rate	feature_fraction	min_data_in_leaf	num_leaves	lambda_l1	lambda_l2	ratio_corte	iteracion_bayesiana	ganancia
20211012 134821	binary	custom	TRUE	TRUE	FALSE	-100	999983	-1	0	31	94	TRUE	0.0331446012349722	0.557897338652401	3560	512	61	138	0.0296043408115949	1	7421874.96335
20211012 143608	binary	custom	TRUE	TRUE	FALSE	-100	999983	-1	0	31	419	TRUE	0.0326889744617899	0.772984647787719	4068	457	49	71	0.0301609491614078	2	7626874.9612625
20211012 173302	binary	custom	TRUE	TRUE	FALSE	-100	999983	-1	0	31	94	TRUE	0.0331446012349722	0.557897338652401	3560	512	61	138	0.0296255854048397	2	7411874.963225
20211012 174249	binary	custom	TRUE	TRUE	FALSE	-100	999983	-1	0	31	679	TRUE	0.0326889744617899	0.772984647787719	4068	457	49	71	0.0288777757281451	3	7603124.9616
20211012 183515	binary	custom	TRUE	TRUE	FALSE	-100	999983	-1	0	31	493	TRUE	0.0300681880316794	0.541468196148829	3262	787	9	80	0.0397677542547648	4	8274374.953
20211012 184254	binary	custom	TRUE	TRUE	FALSE	-100	999983	-1	0	31	74	TRUE	0.0298579594268619	0.405723932057542	1517	350	68	61	0.0331946770784697	5	7443124.9608375
20211012 185039	binary	custom	TRUE	TRUE	FALSE	-100	999983	-1	0	31	341	TRUE	0.02772634053824	0.358934677796788	5021	633	2	44	0.0283721544225146	6	8116124.957725
20211012 185306	binary	custom	TRUE	TRUE	FALSE	-100	999983	-1	0	31	83	TRUE	0.0285261247653398	0.285637842031429	1870	123	58	146	0.0322046790307111	7	7405749.9615
20211012 185651	binary	custom	TRUE	TRUE	FALSE	-100	999983	-1	0	31	215	TRUE	0.0355101289524076	0.230038413775037	4232	670	42	112	0.0324128760479096	8	7767624.9606
20211012 190006	binary	custom	TRUE	TRUE	FALSE	-100	999983	-1	0	31	134	TRUE	0.0319792156041367	0.333061798703663	3319	923	75	9	0.0330502138410057	9	7396874.96175
20211012 190234	binary	custom	TRUE	TRUE	FALSE	-100	999983	-1	0	31	83	TRUE	0.0379323104739306	0.721581989363767	1021	169	53	159	0.029245307186607	10	7522124.9631
20211012 190534	binary	custom	TRUE	TRUE	FALSE	-100	999983	-1	0	31	99	TRUE	0.0289171837401712	0.389297978245304	5427	433	76	38	0.0296723235101908	11	7236874.9632375
20211012 190802	binary	custom	TRUE	TRUE	FALSE	-100	999983	-1	0	31	94	TRUE	0.0369530735872783	0.642083331668012	3937	956	91	133	0.026914775302125	12	7333249.9646125
20211012 191456	binary	custom	TRUE	TRUE	FALSE	-100	999983	-1	0	31	297	TRUE	0.0320492328594749	0.84557614721513	2620	218	23	155	0.036032954751913	13	8111374.956175
20211012 192057	binary	custom	TRUE	TRUE	FALSE	-100	999983	-1	0	31	200	TRUE	0.0250459376801058	0.678983634567703	2408	396	7	22	0.0338617573276021	14	8168124.9545
20211012 192345	binary	custom	TRUE	TRUE	FALSE	-100	999983	-1	0	31	113	TRUE	0.0307623658744366	0.896734272847728	4705	834	98	122	0.032884506013696	15	7317624.9620375
20211012 192807	binary	custom	TRUE	TRUE	FALSE	-100	999983	-1	0	31	255	TRUE	0.0362564232823303	0.732487840315055	4654	330	65	54	0.0306113345369236	16	7442124.9624125
20211012 193531	binary	custom	TRUE	TRUE	FALSE	-100	999983	-1	0	31	295	TRUE	0.0271798386014125	0.805523951720291	5211	731	27	172	0.0265578661398607	17	7946249.962875
20211012 194215	binary	custom	TRUE	TRUE	FALSE	-100	999983	-1	0	31	247	TRUE	0.0345542695513965	0.466032205314453	1996	588	32	5	0.0273736585310847	18	7949374.96025
20211012 194449	binary	custom	TRUE	TRUE	FALSE	-100	999983	-1	0	31	102	TRUE	0.0351193344556862	0.834183709859887	6319	273	83	192	0.0312189299028761	19	7108124.961875
20211012 194948	binary	custom	TRUE	TRUE	FALSE	-100	999983	-1	0	31	295	TRUE	0.0262815168497909	0.212471224289038	2882	761	17	96	0.0265238747966175	20	7917374.96125
20211012 195529	binary	custom	TRUE	TRUE	FALSE	-100	999983	-1	0	31	215	TRUE	0.0311739796614274	0.44231275638061	6067	203	15	90	0.0328505146751266	21	7761874.9585625
20211012 200650	binary	custom	TRUE	TRUE	FALSE	-100	999983	-1	0	31	413	TRUE	0.033759494551244	0.585601316997781	1457	902	34	177	0.0285888492657514	22	8039124.95965
20211012 201014	binary	custom	TRUE	TRUE	FALSE	-100	999983	-1	0	31	142	TRUE	0.0268309396638166	0.295399245610073	6034	538	85	199	0.0340827010739793	23	7224374.9614625
20211012 201455	binary	custom	TRUE	TRUE	FALSE	-100	999983	-1	0	31	161	TRUE	0.0368036057464681	0.513802010451521	2343	74	93	105	0.0271824571793469	24	7512499.9643
20211012 202409	binary	custom	TRUE	TRUE	FALSE	-100	999983	-1	0	31	497	TRUE	0.0259094081679359	0.627266556526107	5668	1021	37	31	0.0284103946801579	25	7748374.9606125
20211012 203018	binary	custom	TRUE	TRUE	FALSE	-100	999983	-1	0	31	217	TRUE	0.033489486002318	0.805138892587947	2196	705	5	96	0.0306495748145368	26	8015624.9584375
20211012 204053	binary	custom	TRUE	TRUE	FALSE	-100	999983	-1	0	31	340	TRUE	0.0259904219552808	0.552457276510465	2385	686	8	145	0.0322301725557765	27	8001124.95755
20211012 204538	binary	custom	TRUE	TRUE	FALSE	-100	999983	-1	0	31	129	TRUE	0.0295498343539148	0.744611120071263	3079	800	10	1	0.0295745983978353	28	8236874.9583875
20211012 205012	binary	custom	TRUE	TRUE	FALSE	-100	999983	-1	0	31	138	TRUE	0.0294152012616241	0.817407480467123	1572	445	10	48	0.0350939437315536	29	8026999.9561
20211012 205634	binary	custom	TRUE	TRUE	FALSE	-100	999983	-1	0	31	193	TRUE	0.0311044205347034	0.548242522263557	3550	838	7	16	0.0330714584554951	30	8034374.955425
20211012 215708	binary	custom	TRUE	TRUE	FALSE	-100	999983	-1	0	31	451	TRUE	0.0290155647688056	0.776622264318734	3312	807	10	76	0.037290634679018	31	8297374.954
20211012 221218	binary	custom	TRUE	TRUE	FALSE	-100	999983	-1	0	31	263	TRUE	0.0307047867274504	0.805925584485883	2784	786	19	130	0.0317627914980168	32	8030624.9574875
20211012 222323	binary	custom	TRUE	TRUE	FALSE	-100	999983	-1	0	31	329	TRUE	0.0253654517784965	0.753683308355446	4078	712	10	7	0.0328420168493007	33	8112499.9552375
20211012 223358	binary	custom	TRUE	TRUE	FALSE	-100	999983	-1	0	31	320	TRUE	0.0288555285200475	0.621097273745759	2528	806	4	72	0.0376411704679826	34	8086249.9541375
20211012 224212	binary	custom	TRUE	TRUE	FALSE	-100	999983	-1	0	31	323	TRUE	0.0281576610656352	0.714375627242941	3118	436	10	68	0.0332839043885808	35	8127499.9542625
20211012 225231	binary	custom	TRUE	TRUE	FALSE	-100	999983	-1	0	31	426	TRUE	0.0294770042614227	0.764760806799716	3913	722	2	82	0.0314866117956065	36	7952999.9562875
20211012 230120	binary	custom	TRUE	TRUE	FALSE	-100	999983	-1	0	31	275	TRUE	0.0286083426598744	0.602302673653368	2727	802	10	62	0.0373586173812255	37	8086374.9529375
20211012 235927	binary	custom	TRUE	TRUE	FALSE	-100	999983	-1	0	31	381	TRUE	0.0253995766703359	0.794560223854049	3272	771	8	82	0.0347242878090935	38	8336124.955425
20211013 001846	binary	custom	TRUE	TRUE	FALSE	-100	999983	-1	0	31	390	TRUE	0.0266964409284231	0.782830048785299	3227	866	8	168	0.0324362451106763	39	8202499.9575
20211013 002501	binary	custom	TRUE	TRUE	FALSE	-100	999983	-1	0	31	135	TRUE	0.0299419967976917	0.890349207335503	2421	51	7	2	0.0291433331583643	40	8233374.95745
20211013 003127	binary	custom	TRUE	TRUE	FALSE	-100	999983	-1	0	31	188	TRUE	0.0251938137021622	0.794161343302435	2494	117	0	105	0.0336110711145663	41	8003624.958375
20211013 004055	binary	custom	TRUE	TRUE	FALSE	-100	999983	-1	0	31	312	TRUE	0.025042793821005	0.788193264391389	3273	730	11	50	0.0370441974003521	42	8231624.9533625
20211013 005031	binary	custom	TRUE	TRUE	FALSE	-100	999983	-1	0	31	234	TRUE	0.0251089718530078	0.5916305638869	4849	782	10	94	0.0304371288803889	43	8015624.95925
20211013 012638	binary	custom	TRUE	TRUE	FALSE	-100	999983	-1	0	31	96	TRUE	0.0333133552039813	0.784239254124576	2283	191	14	0	0.0352320335884948	44	8387374.955475
20211013 013550	binary	custom	TRUE	TRUE	FALSE	-100	999983	-1	0	31	144	TRUE	0.0374699135100247	0.855754309487359	2385	217	12	30	0.036517331484906	45	8327124.954125
20211013 014301	binary	custom	TRUE	TRUE	FALSE	-100	999983	-1	0	31	252	TRUE	0.0364108646393	0.852186539072123	2156	116	18	17	0.0341591816323925	46	8216874.954625
20211013 014621	binary	custom	TRUE	TRUE	FALSE	-100	999983	-1	0	31	84	TRUE	0.0319610120920634	0.673984793759275	2390	209	13	0	0.031193436404154	47	8055624.95875
20211013 015214	binary	custom	TRUE	TRUE	FALSE	-100	999983	-1	0	31	197	TRUE	0.0294008410101065	0.835133942740387	2255	266	13	22	0.0347200388938436	48	8302124.9547625
20211013 015646	binary	custom	TRUE	TRUE	FALSE	-100	999983	-1	0	31	137	TRUE	0.0342353160397129	0.794820305269074	2258	189	9	24	0.0291836978836175	49	8129874.957875
20211013 023553	binary	custom	TRUE	TRUE	FALSE	-100	999983	-1	0	31	118	TRUE	0.0332996447654382	0.86183777534193	2431	176	15	2	0.0343864987794749	50	8410499.955025
20211013 024245	binary	custom	TRUE	TRUE	FALSE	-100	999983	-1	0	31	130	TRUE	0.0357605338212613	0.822415198183221	2331	383	15	15	0.0324383695704257	51	8316874.957
20211013 025012	binary	custom	TRUE	TRUE	FALSE	-100	999983	-1	0	31	286	TRUE	0.0333959654543733	0.855153333676454	2892	57	14	76	0.0339764781260255	52	8017624.9558875
20211013 025429	binary	custom	TRUE	TRUE	FALSE	-100	999983	-1	0	31	112	TRUE	0.0264493106905118	0.875743329039209	2653	489	6	4	0.0323831336309634	53	8169374.9566625
20211013 030249	binary	custom	TRUE	TRUE	FALSE	-100	999983	-1	0	31	361	TRUE	0.0305586371048134	0.79643610391313	2395	778	28	154	0.0314483715184182	54	8010499.9594125
20211013 030701	binary	custom	TRUE	TRUE	FALSE	-100	999983	-1	0	31	127	TRUE	0.0375684344878732	0.870275772530332	3303	816	13	4	0.0345330864715895	55	8302999.95515
20211013 031600	binary	custom	TRUE	TRUE	FALSE	-100	999983	-1	0	31	373	TRUE	0.0315039845481971	0.419005300737792	3099	864	8	88	0.0330459649442387	56	8206874.9552625
20211013 032207	binary	custom	TRUE	TRUE	FALSE	-100	999983	-1	0	31	227	TRUE	0.0369463582246682	0.868834457398925	4964	227	13	0	0.0357567750488654	57	7971999.9537
20211013 033023	binary	custom	TRUE	TRUE	FALSE	-100	999983	-1	0	31	322	TRUE	0.0377353908241029	0.819211499658934	3266	731	8	60	0.0368190047106822	58	8350874.9536125
20211013 033414	binary	custom	TRUE	TRUE	FALSE	-100	999983	-1	0	31	122	TRUE	0.0336624777963896	0.898596882364316	3238	779	9	64	0.0290859727444939	59	7857374.9604125
20211013 033803	binary	custom	TRUE	TRUE	FALSE	-100	999983	-1	0	31	108	TRUE	0.033165669144296	0.84491500890579	2058	261	19	0	0.0307940380511511	60	8099999.9568625
20211013 034333	binary	custom	TRUE	TRUE	FALSE	-100	999983	-1	0	31	198	TRUE	0.0377490280734886	0.746402481046865	3255	797	12	47	0.0340402119091592	61	8284624.9551375
20211013 034900	binary	custom	TRUE	TRUE	FALSE	-100	999983	-1	0	31	176	TRUE	0.0336836750953126	0.796682616158723	3342	789	7	0	0.0349197380733193	62	8088374.95385
20211013 035536	binary	custom	TRUE	TRUE	FALSE	-100	999983	-1	0	31	233	TRUE	0.0379911416375016	0.817278061970398	3141	618	13	3	0.0369103564618474	63	8358249.953075
20211013 040403	binary	custom	TRUE	TRUE	FALSE	-100	999983	-1	0	31	340	TRUE	0.026455328368883	0.693619438081089	3289	789	7	89	0.0353467543932916	64	8356624.955125
20211013 041110	binary	custom	TRUE	TRUE	FALSE	-100	999983	-1	0	31	252	TRUE	0.0276892849955102	0.811370656937767	2403	154	16	2	0.0332541619588878	65	8384874.955075
20211013 041621	binary	custom	TRUE	TRUE	FALSE	-100	999983	-1	0	31	181	TRUE	0.0374722582261834	0.801541950639213	2544	275	16	44	0.0281724552396398	66	8122124.95985
20211013 042554	binary	custom	TRUE	TRUE	FALSE	-100	999983	-1	0	31	385	TRUE	0.0270908557217168	0.756110119913363	3080	762	4	93	0.0332924022256663	67	8103124.95525
20211013 042957	binary	custom	TRUE	TRUE	FALSE	-100	999983	-1	0	31	120	TRUE	0.0379631744940947	0.793650927125003	3341	675	9	10	0.0337427876039439	68	8186874.9545375
20211013 050943	binary	custom	TRUE	TRUE	FALSE	-100	999983	-1	0	31	109	TRUE	0.0296893128722181	0.785774508171975	2386	494	14	0	0.0302714210573281	69	8464374.9581
20211013 052022	binary	custom	TRUE	TRUE	FALSE	-100	999983	-1	0	31	213	TRUE	0.0252247364784059	0.73584782320814	3432	926	9	82	0.0268765350463938	70	7908124.9610375
20211013 052644	binary	custom	TRUE	TRUE	FALSE	-100	999983	-1	0	31	242	TRUE	0.0371888563379126	0.688195512719839	3193	727	8	131	0.0340678298771908	71	8212999.9559625
20211013 053433	binary	custom	TRUE	TRUE	FALSE	-100	999983	-1	0	31	278	TRUE	0.0283164347001532	0.825536346941089	2452	540	13	6	0.0370272017249065	72	8314374.955975
20211013 053922	binary	custom	TRUE	TRUE	FALSE	-100	999983	-1	0	31	148	TRUE	0.028944040219662	0.748130197342172	2295	493	14	0	0.0294811221890452	73	8383374.9583625
20211013 054631	binary	custom	TRUE	TRUE	FALSE	-100	999983	-1	0	31	283	TRUE	0.0368105338029926	0.806155945813329	3289	721	12	99	0.0353488788509165	74	8030124.9546125
20211013 055118	binary	custom	TRUE	TRUE	FALSE	-100	999983	-1	0	31	150	TRUE	0.0379848590332093	0.828258715849095	2950	808	7	16	0.0347306611913158	75	8329374.954375
20211013 055611	binary	custom	TRUE	TRUE	FALSE	-100	999983	-1	0	31	154	TRUE	0.0310146435746783	0.808503986901004	2403	129	16	0	0.0348836222592795	76	8253124.955375
20211013 060409	binary	custom	TRUE	TRUE	FALSE	-100	999983	-1	0	31	315	TRUE	0.0296162826387309	0.875499000206794	2420	452	16	68	0.0333306424879834	77	7895749.9561125
20211013 061254	binary	custom	TRUE	TRUE	FALSE	-100	999983	-1	0	31	372	TRUE	0.0272423320885859	0.693048696868951	3344	671	8	148	0.0346690518636827	78	8229624.956625
20211013 061740	binary	custom	TRUE	TRUE	FALSE	-100	999983	-1	0	31	140	TRUE	0.0276281926711504	0.779213132894729	2387	305	15	0	0.036559820670121	79	8127624.957
20211013 062118	binary	custom	TRUE	TRUE	FALSE	-100	999983	-1	0	31	95	TRUE	0.0315191563890008	0.773521763769401	2331	567	12	0	0.0317394224522458	80	8341374.9577625
20211013 062541	binary	custom	TRUE	TRUE	FALSE	-100	999983	-1	0	31	123	TRUE	0.0296550418253349	0.789294929828378	2362	638	10	4	0.0315800880046091	81	8213374.957175
20211013 063007	binary	custom	TRUE	TRUE	FALSE	-100	999983	-1	0	31	128	TRUE	0.0284951322108186	0.842603544857516	2265	123	13	0	0.0315503455736414	82	8097124.9575875
20211013 063532	binary	custom	TRUE	TRUE	FALSE	-100	999983	-1	0	31	197	TRUE	0.0308455383155881	0.786367771767383	2806	924	14	75	0.0323873825440888	83	7992124.9581
20211013 063935	binary	custom	TRUE	TRUE	FALSE	-100	999983	-1	0	31	110	TRUE	0.0366755662671339	0.795515250414061	1595	497	14	1	0.0363622459512445	84	8334374.9554375
20211013 064902	binary	custom	TRUE	TRUE	FALSE	-100	999983	-1	0	31	386	TRUE	0.030787082603654	0.780872649843787	5177	497	14	0	0.0352511537275139	85	8031249.953825
20211013 065403	binary	custom	TRUE	TRUE	FALSE	-100	999983	-1	0	31	158	TRUE	0.0268662336091615	0.761285176024516	2134	54	17	0	0.0312699169436594	86	8171874.957175
20211013 070031	binary	custom	TRUE	TRUE	FALSE	-100	999983	-1	0	31	222	TRUE	0.029629356804217	0.861400331967353	2895	642	12	3	0.0367595198487469	87	8236374.953925
20211013 070658	binary	custom	TRUE	TRUE	FALSE	-100	999983	-1	0	31	196	TRUE	0.0365247071763221	0.447883581593562	3506	757	7	75	0.035552826945642	88	8193249.95555
20211013 071130	binary	custom	TRUE	TRUE	FALSE	-100	999983	-1	0	31	138	TRUE	0.0295987380282394	0.797346858169672	2525	735	16	0	0.032170687698515	89	8446124.9580375
20211013 071541	binary	custom	TRUE	TRUE	FALSE	-100	999983	-1	0	31	120	TRUE	0.0262272822391186	0.787800205667393	1993	615	16	2	0.0310319774959181	90	8273124.9583125
20211013 072035	binary	custom	TRUE	TRUE	FALSE	-100	999983	-1	0	31	153	TRUE	0.0302981347359682	0.816462509826023	2562	807	15	1	0.0350259610340199	91	8450249.95565
20211013 072409	binary	custom	TRUE	TRUE	FALSE	-100	999983	-1	0	31	87	TRUE	0.0300903041630964	0.815047216085261	1361	749	14	0	0.0302586743013812	92	8259749.9577375
20211013 072856	binary	custom	TRUE	TRUE	FALSE	-100	999983	-1	0	31	157	TRUE	0.0345822712359585	0.805877755597951	3096	805	17	1	0.0363388769007996	93	8248499.9543625
20211013 073346	binary	custom	TRUE	TRUE	FALSE	-100	999983	-1	0	31	159	TRUE	0.0360227806388582	0.78466118109801	2247	493	19	7	0.0304753691537532	94	8042999.9578875
20211013 073917	binary	custom	TRUE	TRUE	FALSE	-100	999983	-1	0	31	198	TRUE	0.0252443127959932	0.818952995316749	1548	165	18	76	0.0316863109597861	95	8087499.959975
20211013 074613	binary	custom	TRUE	TRUE	FALSE	-100	999983	-1	0	31	288	TRUE	0.0297996312151434	0.416302269927982	5898	776	7	131	0.0328037765721124	96	7967999.957925
20211013 075407	binary	custom	TRUE	TRUE	FALSE	-100	999983	-1	0	31	312	TRUE	0.0379668199180872	0.767012992768176	3974	811	7	81	0.0333986251901909	97	8213124.955875
20211013 080143	binary	custom	TRUE	TRUE	FALSE	-100	999983	-1	0	31	286	TRUE	0.0293692123227992	0.853820884848783	2937	819	17	9	0.0332796554697194	98	8269374.9553625
20211013 080926	binary	custom	TRUE	TRUE	FALSE	-100	999983	-1	0	31	327	TRUE	0.026786329753697	0.715964107194106	2805	781	8	191	0.0343886232307264	99	8100624.957375
20211013 081544	binary	custom	TRUE	TRUE	FALSE	-100	999983	-1	0	31	236	TRUE	0.0376399158278066	0.720815501797492	3008	725	15	49	0.0341804262220257	100	8175624.95575
20211013 082009	binary	custom	TRUE	TRUE	FALSE	-100	999983	-1	0	31	134	TRUE	0.029973809825801	0.820636781089568	2695	331	15	1	0.0365300782395782	101	8388124.9546375
20211013 085724	binary	custom	TRUE	TRUE	FALSE	-100	999983	-1	0	31	158	TRUE	0.0300004417657916	0.798778667957233	2151	731	14	9	0.0297488040635052	102	8465124.9583
20211013 090832	binary	custom	TRUE	TRUE	FALSE	-100	999983	-1	0	31	206	TRUE	0.0289497707287288	0.797429436470386	3677	308	7	25	0.0343100182446432	103	7985874.9562125
20211013 091554	binary	custom	TRUE	TRUE	FALSE	-100	999983	-1	0	31	217	TRUE	0.0254658591108779	0.812517480124409	3019	740	15	2	0.0374181022418861	104	8226874.953
20211013 092200	binary	custom	TRUE	TRUE	FALSE	-100	999983	-1	0	31	226	TRUE	0.0270774646172729	0.862122173234284	2732	144	18	37	0.0343397606715744	105	8145874.9559125
20211013 092800	binary	custom	TRUE	TRUE	FALSE	-100	999983	-1	0	31	189	TRUE	0.0344852441144663	0.484843240023831	3405	741	10	95	0.0332711576239236	106	7976874.959125
20211013 093713	binary	custom	TRUE	TRUE	FALSE	-100	999983	-1	0	31	352	TRUE	0.0293140027915255	0.807142565331646	3316	707	13	6	0.0337342897668584	107	8079374.9553125
20211013 094330	binary	custom	TRUE	TRUE	FALSE	-100	999983	-1	0	31	195	TRUE	0.0303588125375305	0.67514001946501	1991	584	14	1	0.0352639004817612	108	8073124.9548
20211013 094848	binary	custom	TRUE	TRUE	FALSE	-100	999983	-1	0	31	167	TRUE	0.0311134068390103	0.794314293491233	2358	706	14	2	0.0333370158704182	109	8332624.9557875
20211013 095216	binary	custom	TRUE	TRUE	FALSE	-100	999983	-1	0	31	87	TRUE	0.0291494623145418	0.815242235148822	2174	794	15	0	0.0343333872912641	110	8061499.95655
20211013 095819	binary	custom	TRUE	TRUE	FALSE	-100	999983	-1	0	31	227	TRUE	0.0299311442802877	0.758805713954893	2455	622	17	66	0.031257170181764	111	8019374.9585375
20211013 100823	binary	custom	TRUE	TRUE	FALSE	-100	999983	-1	0	31	407	TRUE	0.0265730813012131	0.827493656354932	2917	493	12	63	0.0340911989337966	112	8149624.9549625
20211013 101412	binary	custom	TRUE	TRUE	FALSE	-100	999983	-1	0	31	214	TRUE	0.0273969253219318	0.812709072277376	2727	463	18	45	0.0308960120987263	113	8117124.9583
20211013 101918	binary	custom	TRUE	TRUE	FALSE	-100	999983	-1	0	31	162	TRUE	0.0301723258057644	0.796923706228986	2121	359	15	6	0.031431375852745	114	8201374.9567
20211013 102458	binary	custom	TRUE	TRUE	FALSE	-100	999983	-1	0	31	222	TRUE	0.0257107350917718	0.823139496127236	4534	359	7	89	0.027858035256642	115	7888124.9596625
20211013 102921	binary	custom	TRUE	TRUE	FALSE	-100	999983	-1	0	31	129	TRUE	0.0375786733028649	0.833646826118243	1407	405	16	12	0.0323278976842779	116	8183249.956725
20211013 103420	binary	custom	TRUE	TRUE	FALSE	-100	999983	-1	0	31	164	TRUE	0.0321765002515015	0.82585680456506	2312	391	15	23	0.0308917631826267	117	8172124.957575
20211013 104125	binary	custom	TRUE	TRUE	FALSE	-100	999983	-1	0	31	265	TRUE	0.029956429888392	0.785560371787978	3963	898	15	5	0.0347965194320744	118	7995124.953775
20211013 104622	binary	custom	TRUE	TRUE	FALSE	-100	999983	-1	0	31	140	TRUE	0.0376318572535963	0.890006824848507	1067	561	16	20	0.0313039082898769	119	8145624.9576625
20211013 105251	binary	custom	TRUE	TRUE	FALSE	-100	999983	-1	0	31	342	TRUE	0.0305200878456902	0.778966211457414	1762	195	42	8	0.0304753691512039	120	7780874.9584625
20211013 110051	binary	custom	TRUE	TRUE	FALSE	-100	999983	-1	0	31	316	TRUE	0.0259526612238545	0.781521768015684	3283	662	8	109	0.0324808587586149	121	8111374.95645
20211013 110824	binary	custom	TRUE	TRUE	FALSE	-100	999983	-1	0	31	269	TRUE	0.0288380668485197	0.610653121252574	3364	848	7	163	0.0329015017010386	122	8171999.9575125
20211013 111358	binary	custom	TRUE	TRUE	FALSE	-100	999983	-1	0	31	179	TRUE	0.0295358917320561	0.629229180142601	2509	173	15	7	0.0334326165398076	123	8247624.95425
20211013 112254	binary	custom	TRUE	TRUE	FALSE	-100	999983	-1	0	31	293	TRUE	0.0299992748522426	0.561562680463861	2636	785	16	4	0.0340104694786164	124	8165124.9552875
20211013 112933	binary	custom	TRUE	TRUE	FALSE	-100	999983	-1	0	31	250	TRUE	0.0268492593870217	0.627284864614521	3809	784	11	76	0.0340954478452224	125	8041874.9568875
20211013 113434	binary	custom	TRUE	TRUE	FALSE	-100	999983	-1	0	31	154	TRUE	0.0294664979294212	0.786193605718865	2549	245	15	0	0.0335452128823056	126	8290874.9559125
20211013 114248	binary	custom	TRUE	TRUE	FALSE	-100	999983	-1	0	31	309	TRUE	0.0273289854483126	0.843900903546395	2849	1004	7	77	0.035314887504699	127	8094374.95475
20211013 114813	binary	custom	TRUE	TRUE	FALSE	-100	999983	-1	0	31	174	TRUE	0.0280536176001791	0.742599401911273	2550	208	17	0	0.036627803370204	128	8240624.953925
20211013 115227	binary	custom	TRUE	TRUE	FALSE	-100	999983	-1	0	31	151	TRUE	0.0378914478821123	0.878817327102314	1994	760	14	160	0.0350726991310856	129	7996874.9578625
20211013 115741	binary	custom	TRUE	TRUE	FALSE	-100	999983	-1	0	31	155	TRUE	0.0251709329363142	0.81275404602321	1966	742	7	15	0.0342993959467461	130	8368124.955
20211013 120330	binary	custom	TRUE	TRUE	FALSE	-100	999983	-1	0	31	210	TRUE	0.0267055179512655	0.656454999674062	3923	808	6	37	0.0302990390298211	131	8004874.9577
20211013 120817	binary	custom	TRUE	TRUE	FALSE	-100	999983	-1	0	31	163	TRUE	0.030596476691345	0.756157513911245	2692	731	23	0	0.0355740715405864	132	8323124.955125
20211013 121526	binary	custom	TRUE	TRUE	FALSE	-100	999983	-1	0	31	309	TRUE	0.0259292032645906	0.760056380097624	1018	794	31	85	0.0308407761477919	133	7784374.9604375
20211013 121908	binary	custom	TRUE	TRUE	FALSE	-100	999983	-1	0	31	91	TRUE	0.0368416099606107	0.812619480162635	1994	326	6	8	0.029816786764438	134	8341124.95655
20211013 122539	binary	custom	TRUE	TRUE	FALSE	-100	999983	-1	0	31	230	TRUE	0.025374539979756	0.846752641611851	2544	755	6	52	0.0302416786293347	135	8278124.95725
20211013 123241	binary	custom	TRUE	TRUE	FALSE	-100	999983	-1	0	31	262	TRUE	0.0309039671947063	0.775909251214319	2759	825	14	98	0.0303946396943242	136	8108249.9591875
20211013 123703	binary	custom	TRUE	TRUE	FALSE	-100	999983	-1	0	31	119	TRUE	0.033464082510966	0.776688739343369	2572	367	13	2	0.0359947144915079	137	8269499.9538875
20211013 124333	binary	custom	TRUE	TRUE	FALSE	-100	999983	-1	0	31	203	TRUE	0.0254141081525969	0.778996029525817	1894	564	9	31	0.0303096613251688	138	8141124.9581375
20211013 124855	binary	custom	TRUE	TRUE	FALSE	-100	999983	-1	0	31	171	TRUE	0.0377179515929444	0.812541613806895	2980	552	2	58	0.0306113345517948	139	8107124.957075
20211013 125457	binary	custom	TRUE	TRUE	FALSE	-100	999983	-1	0	31	228	TRUE	0.0378908047190337	0.807645854788348	3214	858	8	176	0.0352851450690575	140	8174499.958275
20211013 125939	binary	custom	TRUE	TRUE	FALSE	-100	999983	-1	0	31	141	TRUE	0.0312293173818172	0.843261454305671	2825	305	10	1	0.0336408135548816	141	8079624.954725
20211013 130553	binary	custom	TRUE	TRUE	FALSE	-100	999983	-1	0	31	207	TRUE	0.0262705692812631	0.818060465676587	2120	835	9	28	0.0364068596004577	142	8224374.9537125
20211013 131549	binary	custom	TRUE	TRUE	FALSE	-100	999983	-1	0	31	374	TRUE	0.0253157914331051	0.880834057767568	3135	841	8	16	0.0328632614421207	143	8294624.9555125
20211013 132239	binary	custom	TRUE	TRUE	FALSE	-100	999983	-1	0	31	234	TRUE	0.0374938869105895	0.77474823566794	1824	729	6	51	0.0365215804014305	144	8210999.954825
20211013 132740	binary	custom	TRUE	TRUE	FALSE	-100	999983	-1	0	31	157	TRUE	0.0332658592432013	0.781830960104147	1667	525	15	16	0.0356038139728288	145	8051624.9549875
20211013 133120	binary	custom	TRUE	TRUE	FALSE	-100	999983	-1	0	31	96	TRUE	0.0363040740599353	0.897417825846321	1686	343	10	27	0.0299824945874988	146	8054624.9584875
20211013 133540	binary	custom	TRUE	TRUE	FALSE	-100	999983	-1	0	31	132	TRUE	0.0355634178672897	0.856158887562765	2618	282	10	27	0.0348432575346637	147	8271874.9547
20211013 133951	binary	custom	TRUE	TRUE	FALSE	-100	999983	-1	0	31	99	TRUE	0.037020465016521	0.585468669321142	1565	535	10	26	0.0300037391798939	148	8176874.9588
20211013 134709	binary	custom	TRUE	TRUE	FALSE	-100	999983	-1	0	31	253	TRUE	0.0373878973884502	0.539502968737946	3632	907	4	103	0.0337087962541149	149	8096874.9550875
20211013 143053	binary	custom	TRUE	TRUE	FALSE	-100	999983	-1	0	31	190	TRUE	0.0299852843761134	0.790978749664535	2565	762	17	0	0.0352639004792118	150	8483374.95515
20211013 144309	binary	custom	TRUE	TRUE	FALSE	-100	999983	-1	0	31	177	TRUE	0.0372296034764917	0.852820210815423	2098	485	11	0	0.0321112028370046	151	8419999.956725
20211013 144908	binary	custom	TRUE	TRUE	FALSE	-100	999983	-1	0	31	182	TRUE	0.0301863802332735	0.863517640939685	2233	756	20	12	0.0361689201542036	152	8333124.954675
20211013 145607	binary	custom	TRUE	TRUE	FALSE	-100	999983	-1	0	31	266	TRUE	0.0349881581699965	0.711018373480295	3324	211	15	34	0.0320772114895124	153	8185749.9560875
20211013 150212	binary	custom	TRUE	TRUE	FALSE	-100	999983	-1	0	31	222	TRUE	0.0314577811788945	0.857700468222656	3024	694	16	38	0.0378472430250069	154	8169624.9532125
20211013 150722	binary	custom	TRUE	TRUE	FALSE	-100	999983	-1	0	31	176	TRUE	0.0372892511198475	0.859254229560079	3148	230	7	49	0.0367977601170125	155	8174374.953625
20211013 151306	binary	custom	TRUE	TRUE	FALSE	-100	999983	-1	0	31	177	TRUE	0.0355765558887397	0.734719509784085	2535	661	6	10	0.0328802571205406	156	8221499.9545875
20211013 151720	binary	custom	TRUE	TRUE	FALSE	-100	999983	-1	0	31	124	TRUE	0.035666165861949	0.662027803342668	3857	66	7	1	0.0305476007729101	157	8348124.9572375
20211013 152406	binary	custom	TRUE	TRUE	FALSE	-100	999983	-1	0	31	244	TRUE	0.0361660875643154	0.647301253488765	3073	106	4	50	0.0315121053117492	158	8366874.9536375
20211013 153117	binary	custom	TRUE	TRUE	FALSE	-100	999983	-1	0	31	264	TRUE	0.0365262186960475	0.702857370374053	4051	440	5	25	0.0335898265336433	159	8118874.95535
20211013 153813	binary	custom	TRUE	TRUE	FALSE	-100	999983	-1	0	31	225	TRUE	0.0358087341373984	0.460957328823458	2419	124	6	99	0.029583096232159	160	7911124.9593875
20211013 154237	binary	custom	TRUE	TRUE	FALSE	-100	999983	-1	0	31	127	TRUE	0.0359722895806239	0.739293172123762	2307	204	11	4	0.0326338198331644	161	8325624.956375
20211013 154632	binary	custom	TRUE	TRUE	FALSE	-100	999983	-1	0	31	111	TRUE	0.0359405778814094	0.669456488665779	3340	170	7	3	0.0287715527721184	162	8232374.9576375
20211013 155502	binary	custom	TRUE	TRUE	FALSE	-100	999983	-1	0	31	342	TRUE	0.0362435121538947	0.655301205873589	3787	51	3	78	0.0322641639121914	163	8070624.95525
20211013 155801	binary	custom	TRUE	TRUE	FALSE	-100	999983	-1	0	31	60	TRUE	0.0367263060057864	0.748637976888436	2497	101	5	0	0.0309512480409504	164	8164249.957625
20211013 160237	binary	custom	TRUE	TRUE	FALSE	-100	999983	-1	0	31	151	TRUE	0.0296881797372063	0.773896955123276	2711	518	21	0	0.0335005992367039	165	8294374.9566
20211013 160911	binary	custom	TRUE	TRUE	FALSE	-100	999983	-1	0	31	227	TRUE	0.0319359574661427	0.747913900448557	2532	743	15	4	0.0359224828710764	166	8234624.954925
20211013 161511	binary	custom	TRUE	TRUE	FALSE	-100	999983	-1	0	31	204	TRUE	0.0355353994837011	0.667097308797991	3032	102	3	21	0.0319284993406226	167	8325124.9551625
20211013 162102	binary	custom	TRUE	TRUE	FALSE	-100	999983	-1	0	31	201	TRUE	0.0351821511578587	0.675721033701211	4222	130	7	0	0.0341124435283161	168	8312624.954375
20211013 162620	binary	custom	TRUE	TRUE	FALSE	-100	999983	-1	0	31	174	TRUE	0.0352929957826701	0.648755328038329	3860	408	6	2	0.0329864800833656	169	8210624.956125
20211013 163252	binary	custom	TRUE	TRUE	FALSE	-100	999983	-1	0	31	244	TRUE	0.0358090974420517	0.638125856288426	3011	101	15	32	0.0356463031627176	170	8223874.95345
20211013 163917	binary	custom	TRUE	TRUE	FALSE	-100	999983	-1	0	31	225	TRUE	0.036015806785962	0.664915491661369	2982	375	2	32	0.0281639574091401	171	8440624.957125
20211013 164528	binary	custom	TRUE	TRUE	FALSE	-100	999983	-1	0	31	170	TRUE	0.0363053607117376	0.556403191649065	3050	448	4	31	0.0307472999508987	172	8355624.95675
20211013 165206	binary	custom	TRUE	TRUE	FALSE	-100	999983	-1	0	31	230	TRUE	0.0361041367276976	0.785445146726126	2037	382	4	57	0.0357780196408355	173	8230874.953975
20211013 165548	binary	custom	TRUE	TRUE	FALSE	-100	999983	-1	0	31	69	TRUE	0.0357290558797844	0.68752257536458	2424	388	0	0	0.0299230097285378	174	8279999.95525
20211013 170111	binary	custom	TRUE	TRUE	FALSE	-100	999983	-1	0	31	178	TRUE	0.0356261408538885	0.690171202376886	3022	417	7	21	0.0372736390073963	175	8226874.953125
