Feature	Gain	Cover	Frequency
ctrx_quarter	0.324940399063524	0.0201597368038725	0.00710070084839543
V16	0.0821088025551743	0.00469214365204032	0.00129103651789008
V138	0.0582847575002242	0.0183705728321393	0.00525636296569532
V135	0.0532513237659344	0.00753972735036035	0.00267428992991516
V131	0.0234464130387195	0.00534662442230987	0.00175212098856511
V138i	0.0227056243498754	0.0150164787929384	0.00378089265953523
mtarjeta_visa_consumo	0.0171223086766776	0.00288265348833273	0.00414976023607525
mcuentas_saldo	0.0158816346615539	0.0106336731973355	0.0099594245665806
ctarjeta_visa_transacciones	0.0141325632686281	0.0058121329318155	0.00414976023607525
mactivos_margen	0.0115811402900848	0.0106675850145035	0.00848395426042051
V142	0.0113890064478383	0.00173355386754862	0.000645518258945039
V6	0.010060288217546	0.00612849762228948	0.00507192917742531
cproductos	0.00804289620997851	0.0175924030896894	0.00968277388417558
mvr_msaldototal	0.00798564021254768	0.00652819867207169	0.00414976023607525
V101b	0.0078425794074066	0.0157405064529904	0.00876060494282553
Visa_status	0.00770360519007158	0.0241893675337667	0.00553301364810033
V30	0.00709978689524959	0.00182873889278357	0.00082995204721505
tcallcenter	0.00707423980573689	0.0169789172988847	0.00571744743637034
mprestamos_personales	0.00678603586306051	0.00527756915709317	0.00276650682405017
V153	0.00651775163205272	0.00538950539009123	0.00304315750645518
mv_status01	0.00614587050298267	0.00989126186188583	0.00258207303578015
mcaja_ahorro	0.00607541704172828	0.00139793188311075	0.00221320545924013
thomebanking	0.00596961228367223	0.00914200375504556	0.00728513463666544
mv_msaldototal	0.0050869843585998	0.0011322593381868	0.00147547030616009
mtransferencias_recibidas	0.00498177560966166	0.00733728080794547	0.00580966433050535
Master_fechaalta	0.00486109987163724	0.00589114059677693	0.0106971597196606
mcuenta_debitos_automaticos	0.00464997942683254	0.0104294622880123	0.0049797122832903
V29	0.0042497863562275	0.00369252873282645	0.0016599040944301
V153i	0.00404513141260561	0.00713138775463793	0.00276650682405017
V131i	0.00398558999548626	0.00136744773408199	0.000645518258945039
Visa_mpagominimo	0.00381719844232529	0.00424357991676443	0.00368867576540022
mv_status02	0.00334794736569865	0.0202150128774289	0.00470306160088528
V83b	0.00332630700794653	0.0108892186188014	0.0082995204721505
V36b	0.00309579931123683	0.00800802630034518	0.00414976023607525
mrentabilidad_annual	0.00305406800001267	0.00316809379453967	0.00608631501291037
V127i	0.00295947141558988	0.00264506521084676	0.00544079675396533
V5	0.00293029184113518	0.00118706091695327	0.00258207303578015
mv_msaldopesos	0.00288512070230807	0.00175916288238229	0.00082995204721505
mv_fechaalta	0.00274391717779371	0.00446803308216046	0.00636296569531538
mtarjeta_master_consumo	0.00274011364737439	0.00475362241741693	0.00258207303578015
cliente_edad	0.00268207653740826	0.0112373093670503	0.0108815935079307
canarito71	0.0026049316666054	0.00579500144302944	0.00728513463666544
V102	0.00254773471927794	0.00610375366113414	0.00580966433050535
V58	0.00242310850691142	0.0040408164734971	0.00571744743637034
canarito67	0.00241870046645756	0.00699913903348618	0.00857617115455552
V111	0.00240894032207581	0.00311075872193112	0.00461084470675028
V106b	0.00234981435364193	0.00124876922132572	0.00368867576540022
canarito58	0.00234352074584237	0.00696595351881242	0.00793065289561048
ccuenta_debitos_automaticos	0.00232247322587498	0.00365026957590694	0.00193655477683512
mvr_msaldopesos2	0.00228003465945728	0.0103457028232416	0.00783843600147547
V101	0.00224751891400493	0.00218791260598051	0.00267428992991516
V159	0.00221381294032928	0.00432264582296361	0.00147547030616009
canarito43	0.00219748180693549	0.00950304118785046	0.00765400221320546
canarito52	0.00211050011453546	0.00750603308134508	0.00654739948358539
canarito55	0.00208195377481951	0.00685311454662926	0.00783843600147547
mvr_msaldopesos	0.00199507265704631	0.00286249002922857	0.00202877167097012
V140	0.00192118151918065	0.000870269695061658	0.000368867576540022
canarito27	0.00188936609443791	0.0030421522568406	0.00534857985983032
canarito47	0.00185413016425008	0.00304172401244539	0.00608631501291037
canarito15	0.00183734431611727	0.00425408732124535	0.00645518258945039
ccallcenter_transacciones	0.00183694070450236	0.0071596981351166	0.00212098856510513
chomebanking_transacciones	0.00179295544648089	0.00836916137287219	0.00451862781261527
canarito91	0.00173976633694883	0.00520925047223623	0.00562523054223534
canarito69	0.0017089517569343	0.00422777427262595	0.00544079675396533
V69	0.00169443112425362	0.007934416227741	0.0049797122832903
V120	0.0016681239334069	0.00124608669843411	0.000368867576540022
V10	0.00165571595138366	0.00797464893218237	0.00571744743637034
canarito80	0.00165335037542041	0.00655860231115415	0.00608631501291037
canarito95	0.00165173713660971	0.00902929496915854	0.00774621910734047
canarito31	0.00164755013519282	0.00373023822129122	0.00590188122464036
canarito16	0.0016251952429815	0.00347933839502449	0.00516414607156031
V127	0.00162092929144831	0.00388967189665102	0.00387310955367023
canarito50	0.00158705770550841	0.00538396390761719	0.00608631501291037
Visa_fechaalta	0.00157622777796731	0.00321533600324186	0.00590188122464036
canarito40	0.00156977874156898	0.0044866411576212	0.00516414607156031
canarito61	0.00153883925881896	0.00427850581666033	0.00682405016599041
V53b	0.00150896503895316	0.00634109013091572	0.00368867576540022
V33	0.00147966421434136	0.00580056690718962	0.00276650682405017
V102b	0.00143990433848508	0.00371365145937588	0.00479527849502029
ccaja_seguridad	0.00143747853503368	0.0048241028799809	0.00212098856510513
canarito32	0.00141992048610428	0.00432999792274061	0.00645518258945039
V105c	0.00137924851860876	0.0021007374639136	0.00239763924751014
Master_mfinanciacion_limite	0.00133125788802626	0.0038454017040516	0.00617853190704537
canarito34	0.00132748553611068	0.00556453401334706	0.00654739948358539
canarito3	0.00132179858535604	0.00444128322425795	0.00617853190704537
V128	0.00131251114717925	0.00421312660133213	0.00470306160088528
V106	0.00126529755244631	0.00225566600823577	0.00212098856510513
V15	0.00123158878613378	0.00416884441788964	0.00553301364810033
V24	0.001224097092329	0.00242198071453783	0.000737735153080044
V110c	0.00122294643168052	0.00206592633351562	0.00129103651789008
canarito8	0.00120590105460496	0.00186738195402991	0.00488749538915529
V52b	0.00118160991873183	0.00374816110571963	0.00580966433050535
canarito68	0.00114960228968308	0.00303580053597081	0.00571744743637034
Master_Fvencimiento	0.00113976487843535	0.00264730749850009	0.00488749538915529
canarito54	0.00112059974401448	0.00250835760905207	0.00424197713021025
canarito48	0.00109640354941199	0.00391614939111818	0.00654739948358539
V64b	0.00109058970986496	0.00383951591308381	0.00239763924751014
canarito66	0.00107532288506775	0.00332025588006877	0.00580966433050535
V11	0.00104211133699169	0.00872818263106443	0.0049797122832903
mrentabilidad	0.00103969483586526	0.00141278168575912	0.00285872371818517
V70b	0.00102749135080187	0.000786736343331631	0.00138325341202508
canarito33	0.00102528102998401	0.00193653143301356	0.00387310955367023
V128i	0.00102044594379754	0.00235877012882698	0.00313537440059019
mdescubierto_preacordado	0.0010191166985482	0.00893907757890805	0.00341202508299521
V46	0.00101175218687298	0.0030788305328017	0.00276650682405017
V100c	0.000983213331778357	0.00373774791500566	0.00276650682405017
ccaja_ahorro	0.000979936225093859	0.0100826494210388	0.00378089265953523
Master_msaldopesos	0.00094087609207926	0.00361507131257568	0.00359645887126522
V155i	0.000940370814453002	0.000435387511724004	0.000553301364810033
canarito6	0.000927212626729263	0.00431253240332629	0.00516414607156031
V111b	0.000923621008774385	0.00180453965849894	0.00212098856510513
canarito70	0.000916727663898503	0.00261894744167158	0.00461084470675028
V13	0.000914649644664632	0.00731926884868286	0.00368867576540022
canarito13	0.000897890097373452	0.00326306983650975	0.00507192917742531
canarito57	0.000894102385531369	0.00227770003885821	0.00359645887126522
canarito73	0.000890658032001154	0.0017714689133231	0.00387310955367023
V74	0.000886270703256157	0.00159795627522631	0.00138325341202508
canarito42	0.000874609505294152	0.00351643806347049	0.00424197713021025
canarito11	0.000861263187858638	0.00172479883913291	0.00341202508299521
V120i	0.000858735230129649	0.00094113900353648	0.000368867576540022
mv_Fvencimiento	0.00085216494108469	0.00166350850129019	0.00322759129472519
V84	0.00083724733301692	0.00286333795313109	0.0033198081888602
canarito98	0.000832573425259183	0.00151776836871168	0.00387310955367023
canarito36	0.00082163820033591	0.00275115162540623	0.00424197713021025
canarito76	0.000804270196809781	0.00124234384241996	0.00350424197713021
V52	0.000791500068782553	0.00111355876193668	0.00212098856510513
ctarjeta_master_transacciones	0.000790830172071519	0.000354841592894975	0.000553301364810033
V73b	0.000785820005630866	0.000517242145424801	0.00119881962375507
V25	0.000785378659742144	0.000580865558732638	0.00101438583548506
V65	0.000781130895226797	0.00155128106210338	0.00221320545924013
mpasivos_margen	0.00078044765450768	0.00226029276068164	0.00230542235337514
canarito35	0.000773518455984443	0.00693654511970443	0.0049797122832903
canarito81	0.000765595462321557	0.00220440172817375	0.00341202508299521
canarito93	0.000760347003668913	0.00319969137899598	0.00405754334194024
canarito41	0.000742250136597527	0.00250742574924809	0.00479527849502029
canarito22	0.000742099405037005	0.00313723964235344	0.00387310955367023
cliente_antiguedad	0.000739075095529462	0.00178647288395374	0.00230542235337514
canarito79	0.000738785075018122	0.0025867211944431	0.00322759129472519
V109b	0.000729889553916768	0.00370494610731001	0.00129103651789008
canarito74	0.000721680153758664	0.00113663085697312	0.00285872371818517
canarito65	0.000716823845041616	0.00152211076687913	0.00368867576540022
Visa_mconsumosdolares	0.000716227765269882	0.0043202767749693	0.00248985614164515
Visa_Fvencimiento	0.000714744877228073	0.00299136761050121	0.00451862781261527
tpaquete4	0.000714649062894212	0.00497691418401314	0.00212098856510513
mv_mfinanciacion_limite	0.000710880303190383	0.00160609120575776	0.00258207303578015
canarito63	0.00070791729009261	0.0013391664742222	0.00212098856510513
V33b	0.000705183612479613	0.00213960835117819	0.00147547030616009
V8	0.0007034197237816	0.00286041561337816	0.00359645887126522
V36	0.000701059072830808	0.000581180746607514	0.00202877167097012
canarito4	0.0006969183547023	0.00290473205637227	0.00359645887126522
canarito9	0.00068805861925546	0.0011904474736306	0.00276650682405017
canarito90	0.000687282592260025	0.00475765647961983	0.00544079675396533
canarito85	0.000685077073346598	0.00281526495030219	0.00414976023607525
V148i	0.000672365190122004	0.0010961617616256	0.00258207303578015
V82	0.000671948042411804	0.00264757643598028	0.00258207303578015
canarito24	0.00066912392673374	0.00364233848970761	0.00461084470675028
V49	0.000666025691563053	0.00160054458435097	0.00239763924751014
canarito84	0.00066410492347124	0.00119354453709678	0.0033198081888602
V158	0.000658686419320926	0.00250098152758894	0.00313537440059019
V86	0.000647176144350995	0.00472562037290282	0.00295094061232018
V60b	0.000643391234058636	0.00239750055192994	0.00230542235337514
canarito78	0.000627510503465927	0.00152620649627494	0.00285872371818517
canarito86	0.000627493341060696	0.0020772868008318	0.00368867576540022
V50	0.000613279965413073	0.00140027181048619	0.00276650682405017
canarito25	0.000612248160668243	0.00117148823776578	0.00304315750645518
V148	0.000610553004779743	0.00108365702528541	0.00184433788270011
V85	0.000609453148574957	0.00196418916903392	0.00248985614164515
canarito77	0.00060799949793554	0.00294564823886839	0.00378089265953523
canarito44	0.000605374554660693	0.00433482166760827	0.00359645887126522
V115d	0.000602654221231564	0.00105031391667421	0.00156768720029509
canarito94	0.000600652197852933	0.00193008035944409	0.00368867576540022
numero_de_cliente	0.000600144110985211	0.00308723611379092	0.00424197713021025
canarito26	0.000600062321793804	0.00104897094225083	0.00304315750645518
V11b	0.000590714045827497	0.00182041382174065	0.00248985614164515
canarito28	0.000588512320086619	0.00213996807647017	0.00359645887126522
canarito18	0.000586466358938267	0.00194670309388863	0.00341202508299521
V47b	0.000583873934170979	0.00149440164153134	0.00221320545924013
canarito19	0.000580527768428658	0.00102946184058256	0.00276650682405017
canarito99	0.000575838393055429	0.00182577372859112	0.00405754334194024
V113	0.000573131896359892	0.000973139137724292	0.00156768720029509
canarito56	0.000564926407614105	0.00180297570996763	0.00322759129472519
V155	0.000557139434720264	0.00178273345389475	0.000553301364810033
V94c	0.000555830552685096	0.00103867252103477	0.00202877167097012
canarito64	0.00054789544088607	0.00146027912812086	0.00313537440059019
V105d	0.000545662981735749	0.00154398377760897	0.00212098856510513
V76b	0.000542978996928286	0.000762778638885898	0.00129103651789008
V47	0.000539292466335245	0.00332257525171323	0.00313537440059019
canarito87	0.000537217665036757	0.00261335456987011	0.00295094061232018
mpagomiscuentas	0.000534751645556392	0.00109331479288623	0.00175212098856511
canarito23	0.000534614857953075	0.00153107477855971	0.00267428992991516
V37b	0.000530699032187537	0.00116895816987887	0.00258207303578015
V112	0.000529749007194273	0.00125437579694783	0.00193655477683512
canarito10	0.000525549904212991	0.00152879994433234	0.00350424197713021
canarito2	0.000521492239631801	0.00130272458916725	0.00313537440059019
canarito5	0.000518002518421877	0.00206992784914448	0.00350424197713021
V34	0.000508798001582874	0.00170881161937086	0.00230542235337514
V112b	0.000498255299703261	0.00187647443902905	0.00110660272962007
canarito7	0.000497880752434755	0.00203367439162342	0.00295094061232018
canarito39	0.000494412013916389	0.00154539698411317	0.00304315750645518
canarito59	0.000494139155305152	0.00109359743418707	0.00276650682405017
mv_mpagospesos	0.000484651706571607	0.000301103773206208	0.000461084470675028
V40	0.000484272972556198	0.00264368797687176	0.00119881962375507
canarito53	0.000466641997701725	0.00144439639999124	0.00304315750645518
V95	0.000465935920431315	0.0035955365162437	0.00147547030616009
canarito72	0.000462794005099841	0.000833101507512429	0.00248985614164515
canarito60	0.000461886782604694	0.00141592842557514	0.00304315750645518
canarito37	0.000458723761140396	0.00115727052384475	0.00295094061232018
mtransferencias_emitidas	0.000457343448327982	0.00342935542219294	0.00212098856510513
mvr_Master_mlimitecompra	0.000456638775819741	0.000947756235931294	0.00193655477683512
V53	0.000448680725193039	0.000574226057629273	0.00119881962375507
canarito51	0.000446855613971402	0.00129294691313577	0.00313537440059019
canarito29	0.000446464771506197	0.00119951083801087	0.00248985614164515
canarito82	0.000446357945199774	0.00226489039250863	0.00295094061232018
canarito96	0.000445174762637149	0.00260700113602275	0.00378089265953523
canarito83	0.000441866344601018	0.00255331813161657	0.00378089265953523
canarito89	0.000440086868051792	0.00161659347130593	0.00313537440059019
V132	0.00043835644911516	0.000548947647468707	0.000922168941350055
canarito17	0.000437145823304706	0.00123824640004657	0.00239763924751014
mvr_mpagosdolares	0.00043514697278323	0.00221598659555302	0.00193655477683512
V46b	0.000430825020277402	0.00142157953861435	0.00156768720029509
V103b	0.000427918698529478	0.000747630778138464	0.00175212098856511
V75b	0.000427237068493185	0.000374360972428732	0.00101438583548506
canarito97	0.000425289566499338	0.00116426118535219	0.00248985614164515
V55	0.000417821271644733	0.00118796879507112	0.00202877167097012
canarito45	0.000417631348422938	0.00110020781467156	0.00248985614164515
V49b	0.000413597050623071	0.00362912286767138	0.00258207303578015
V45b	0.000408942672031646	0.00191487768341407	0.00193655477683512
V83	0.000405608187517657	0.000613739311486682	0.00147547030616009
V91	0.00040305224148529	0.000958169426645266	0.00258207303578015
V80b	0.00040091298509296	0.000738075789192496	0.0016599040944301
mcomisiones	0.000396669293567572	0.000835415740224154	0.00129103651789008
V69b	0.000394685388945748	0.00145760003118441	0.00184433788270011
canarito46	0.00038765836106163	0.00120635247046877	0.00239763924751014
canarito75	0.000380500147713186	0.00133172701258858	0.00239763924751014
canarito92	0.000380413651884573	0.000927265598109196	0.00184433788270011
V96b	0.000378222982550889	0.000966523618307059	0.000645518258945039
canarito88	0.000376429524184074	0.00145439847608581	0.00230542235337514
canarito12	0.000371627017716627	0.00147351359291049	0.00267428992991516
V97b	0.000368788771839497	0.000919387614214879	0.00156768720029509
canarito30	0.000368025633439969	0.00104606401929613	0.00212098856510513
Master_status	0.000364843696702045	0.00284427593861142	0.000737735153080044
V87d	0.00035043995970342	0.00121839470286213	0.00212098856510513
mcomisiones_otras	0.000337663524157673	0.00135593138580595	0.00110660272962007
mcuenta_corriente	0.000329844263346202	0.00106110910138871	0.00129103651789008
V34b	0.00032786737833053	0.00144870282562949	0.00212098856510513
V41b	0.000321602490161569	0.000635581488620068	0.000922168941350055
V82b	0.000320450974367023	0.000539038072163504	0.00138325341202508
canarito20	0.000316495725674216	0.00120469430817051	0.00202877167097012
V55b	0.000312827319004453	0.00143937566270178	0.00119881962375507
V54	0.000312475301611644	0.000806940913897727	0.00129103651789008
V37	0.00031046310332595	0.00138295018118866	0.00082995204721505
canarito1	0.000301723049950112	0.00250733153548114	0.00285872371818517
Master_mlimitecompra	0.00029837142696994	0.00113321346669933	0.00175212098856511
V65b	0.000285044153524879	0.000535475078795341	0.00119881962375507
ccomisiones_otras	0.000282447032685651	0.00114655927503171	0.0016599040944301
canarito38	0.000281202925526171	0.000610904333590379	0.0016599040944301
V104	0.000275799834371811	0.000651251807529661	0.00156768720029509
V14	0.000273999279912298	0.00139121701099383	0.00239763924751014
V89b	0.000270586926856189	0.000561611690723912	0.00119881962375507
mv_status06	0.000269411905516236	0.000697324052544135	0.000645518258945039
V87c	0.000264364699131106	0.000910550362875286	0.00193655477683512
mcomisiones_mantenimiento	0.000263862467906131	0.000568316284975349	0.00101438583548506
V38b	0.000262791781284183	0.000882791561177653	0.00101438583548506
canarito62	0.000262745891093563	0.00226067646765975	0.00221320545924013
V12	0.000262384926154755	0.00113034765520657	0.00202877167097012
V21	0.000261910637163678	0.000893511374878597	0.00101438583548506
V96	0.000253680731603809	0.00117770805936184	0.00110660272962007
V50b	0.000246372392343834	0.000836178015247631	0.00129103651789008
V9	0.000245045020118799	0.00142397428127238	0.00212098856510513
V58b	0.000244933774706395	0.000791335688136206	0.00101438583548506
ctransferencias_emitidas	0.000243185062976005	0.00155153286980777	0.00110660272962007
Visa_mlimitecompra	0.000237397317474722	0.00112060081277155	0.00147547030616009
Visa_mfinanciacion_limite	0.000235981807887025	0.000843780209751433	0.00101438583548506
V51b	0.000230769532145635	0.000596337172242852	0.00129103651789008
Visa_mpagospesos	0.000228858169993771	0.00093127567862596	0.00119881962375507
Visa_mconsumospesos	0.000221636435221595	0.000851868889888194	0.00147547030616009
V107	0.000221550111011377	0.00163414977853204	0.00138325341202508
V143	0.000219266527796336	0.000568129570419037	0.000276650682405017
V23	0.000216520064889733	0.00185142042893157	0.00110660272962007
V105	0.00021475418315698	0.000261275331473924	0.000645518258945039
V90	0.000214572295347541	0.000621910214547324	0.000737735153080044
V88	0.000208495540072663	0.000395223326385873	0.00147547030616009
canarito14	0.00020769603480118	0.000473640014081909	0.00129103651789008
V56	0.000202039843590818	0.000454942863786959	0.00138325341202508
V94	0.000198046151004637	0.00043253026511915	0.000553301364810033
V54b	0.000196331190016348	0.000455893566344329	0.00101438583548506
V85b	0.00019408511609496	0.000368786943380654	0.000922168941350055
V38	0.000192726883513119	0.000944847599999015	0.000645518258945039
mv_fultimo_cierre	0.000191697791388787	0.00343420314874674	0.00175212098856511
V160	0.00019067723216871	0.000295414974660214	0.000553301364810033
V103	0.000187427038735126	0.000701813766783536	0.0016599040944301
V91b	0.000185238559638321	0.000658232191171614	0.00138325341202508
V92	0.000184632883913486	0.000427108691075768	0.000922168941350055
V2	0.000183955518421955	0.00106799869721888	0.00129103651789008
V147	0.00018051974060866	0.000165948129099761	0.000276650682405017
V104b	0.000180160289600376	0.000376109922538777	0.000922168941350055
ctarjeta_debito_transacciones	0.000179945880054597	0.00193759690506885	0.000553301364810033
mv_mlimitecompra	0.000175678161048737	0.000497966008707524	0.000645518258945039
mvr_mpagado	0.00017339971571723	0.00100297920718265	0.000922168941350055
V90b	0.000171479614932403	0.00126006973442657	0.00119881962375507
V126	0.000169348421339734	0.000700904175688106	0.00110660272962007
mvr_Visa_mlimitecompra	0.000168271063571452	0.000536237353818819	0.00110660272962007
V97	0.000165049494351723	0.000571337977427964	0.000737735153080044
V80	0.000164535041556471	0.000887570768628217	0.00110660272962007
Master_msaldototal	0.000164421251767706	0.000468639832523415	0.000922168941350055
V63b	0.000162401799102269	0.000720726752253673	0.00101438583548506
V108b	0.000161492237757417	0.000390257404378996	0.00110660272962007
V100d	0.000157616603120978	0.000556460767138304	0.0016599040944301
Master_mpagospesos	0.000157595916459432	0.000381910064627527	0.000922168941350055
V66	0.000152973917150047	0.000927651018064887	0.00082995204721505
V56b	0.000150840069737871	0.000584118503158667	0.000368867576540022
mforex_sell	0.000150761209054813	0.000200891158771469	0.000276650682405017
V158i	0.000149502791354303	0.000281673468506655	0.00101438583548506
canarito21	0.000148031069474499	0.000505631583381817	0.00175212098856511
V41	0.000147728809026412	0.000677008138435284	0.000922168941350055
V93	0.000147494598155163	0.00031355712021897	0.000922168941350055
V125i	0.000143709833654992	0.000285166229794003	0.000553301364810033
mvr_mpagospesos	0.000143241233784004	0.000303623563227635	0.00082995204721505
mautoservicio	0.000139777516888812	0.000294301539232663	0.000368867576540022
V66b	0.000139424348740698	0.000564090369283399	0.000737735153080044
canarito49	0.000139274197495965	0.000466632222798662	0.00129103651789008
V87b	0.000138427621108246	0.00045136787957573	0.000922168941350055
V84b	0.000135891243783391	0.000391459914640751	0.00110660272962007
ctransferencias_recibidas	0.000133553184309719	0.000316087188105881	0.000645518258945039
ccajas_otras	0.00013250606448303	0.00201578062781389	0.000461084470675028
mvr_mconsumosdolares	0.000130542790843961	0.000419449968311799	0.000553301364810033
V160i	0.000128923484289108	0.000488347639591066	0.000368867576540022
Master_mconsumospesos	0.000128854029453056	0.000449918700542333	0.00082995204721505
V116d	0.000128847283313335	0.000712953259991787	0.000922168941350055
V105b	0.00012756628666289	0.000760181764873333	0.000553301364810033
V62b	0.000125918049905563	0.000624210743438403	0.00129103651789008
Visa_cconsumos	0.000124414986283578	0.000725512811614561	0.00110660272962007
V93b	0.000124243634147969	0.000727854451967579	0.000737735153080044
mv_status04	0.000122732772993761	0.000212702139191412	0.000276650682405017
V57b	0.000120916997244636	0.000634987085399514	0.000645518258945039
V150	0.000120792264482844	0.000631357285905698	0.000737735153080044
Visa_mpagosdolares	0.000117691225162388	0.00170036150096454	0.000922168941350055
V76	0.000116820106628941	0.000963770863334637	0.000553301364810033
V124i	0.000115199395736227	0.000192441040365148	0.000276650682405017
mv_mpagosdolares	0.000111956378747132	0.00121776090115722	0.000645518258945039
mvr_mconsumospesos	0.000111848225852217	0.000853035427620752	0.000922168941350055
V159i	0.000110974571234598	0.000181282704403508	0.000553301364810033
V74b	0.000110828054570776	0.000217789682606529	0.000368867576540022
V81	0.000109184615129291	0.000643521139707296	0.00082995204721505
Master_mpagado	0.000108327739374905	0.000266345745113232	0.000368867576540022
V117	0.000106240530074791	0.00042585993041933	0.000553301364810033
V51	0.000104477482799514	0.000278888166960197	0.000922168941350055
V18	0.000103870442128753	0.000222598010675968	0.000368867576540022
V126i	0.000102707165457224	0.000500799273626246	0.000368867576540022
V86b	0.000102063031336762	0.000247917532298475	0.00082995204721505
Master_mpagosdolares	0.000100806410974135	0.000522823026383202	0.000184433788270011
mv_mconsumosdolares	9.97822115965292e-05	0.000531262866924037	0.000276650682405017
V68	9.89483835350984e-05	0.000169029775767706	0.000461084470675028
ctarjeta_visa_debitos_automaticos	9.58728624139763e-05	0.000104752005023985	0.000276650682405017
ctarjeta_debito	9.57573306675903e-05	9.83197742079028e-05	0.000368867576540022
Master_fultimo_cierre	8.95898421548365e-05	0.000472028102178332	0.000461084470675028
V92b	8.91377785561211e-05	0.000290347986976067	0.000276650682405017
V59	8.90733931566792e-05	0.000181073721138645	0.000368867576540022
V59b	8.51290498402061e-05	0.000145171424021662	0.000276650682405017
mv_cconsumos	8.3253357744719e-05	9.60141063840821e-05	0.000276650682405017
V81b	8.25988957622843e-05	0.000185544592624656	0.000645518258945039
V89	7.64376751094064e-05	0.000349106543954297	0.00082995204721505
V40b	7.55314772571808e-05	0.000357191798135897	0.000461084470675028
V94d	7.3101779355483e-05	0.000463574557816849	0.000922168941350055
V147i	7.26727537997495e-05	0.000151101752406556	0.000368867576540022
V64	7.19489034965743e-05	0.000337103710045299	0.000645518258945039
V72	7.15119014860658e-05	0.000649271605446201	0.000553301364810033
V110b	6.76170480185636e-05	0.000120819734732334	0.000461084470675028
V60	6.75837776253134e-05	8.2212646015194e-05	0.000276650682405017
V108	6.70850364741081e-05	0.000288628157484896	0.000368867576540022
V125	6.56992100110996e-05	0.000142999368449148	0.000276650682405017
V22	6.4224465943849e-05	0.00019563745653101	0.000184433788270011
V72b	6.35166653272748e-05	0.000382675765606165	0.000737735153080044
V88b	6.22161900329589e-05	0.000109517508653903	0.000553301364810033
V124	6.05446186717475e-05	7.88843305756073e-05	0.000184433788270011
V123i	6.03326221042803e-05	0.000138048863240498	0.000184433788270011
V121i	5.81736266993768e-05	9.1162953875122e-05	9.22168941350055e-05
V107b	5.80704859716317e-05	6.83032680587124e-05	0.000368867576540022
V115c	5.76346685964028e-05	0.000271167777003318	0.000645518258945039
V39b	5.7164068643123e-05	0.000165216687672739	0.000184433788270011
V115b	5.68915358518468e-05	0.000232050220967085	0.000645518258945039
V70	5.6394914348853e-05	0.000114923665899057	0.000276650682405017
V77b	5.50807274791429e-05	0.000113568700632607	0.000276650682405017
V67b	5.41113134260302e-05	0.000115047000284878	0.000461084470675028
V9b	5.35352539226326e-05	0.000255057222855447	0.000276650682405017
V45	5.32170079458218e-05	0.00022407631032824	0.000368867576540022
V145	5.31410640440507e-05	0.000345922118631502	0.000184433788270011
active_quarter	5.20131484963907e-05	6.37758683125325e-05	0.000184433788270011
V145i	5.05017770735648e-05	0.000296324565755644	0.000184433788270011
cforex	4.67128807683008e-05	4.7946242487921e-05	9.22168941350055e-05
V42	4.65374487103499e-05	0.000230124834166212	0.000276650682405017
V71b	4.61826772765121e-05	0.000127269095324225	9.22168941350055e-05
V142i	4.42595133888355e-05	0.000108553102275886	0.000184433788270011
V39	4.36346156278976e-05	0.000214708035938585	0.000645518258945039
V62	4.34489881869976e-05	0.000363733659517154	0.000737735153080044
V149i	4.3085844051397e-05	0.000130201712942636	0.000184433788270011
V95b	4.23428151450824e-05	0.000172680130992492	0.000276650682405017
V43	4.02269957585457e-05	0.00016721915846475	0.000184433788270011
V94b	3.97725727170496e-05	9.40184875023948e-05	0.000276650682405017
V152i	3.90180016826491e-05	0.000450728938938074	0.00082995204721505
V44	3.88132899561905e-05	0.00108339151376038	0.000553301364810033
mttarjeta_visa_debitos_automaticos	3.7791892814928e-05	0.000135239580007909	0.000276650682405017
V122	3.74745545882573e-05	0.000268570902990753	0.000184433788270011
V61b	3.6051988639244e-05	9.27885695993463e-05	0.000368867576540022
V68b	3.58931395516793e-05	0.000259098136968666	0.000461084470675028
V19	3.51950323390984e-05	0.000120066024596762	0.000184433788270011
V116	3.476399233118e-05	8.15668534672144e-05	0.000184433788270011
V98b	3.4292677245354e-05	0.000107898744840002	0.000368867576540022
Visa_mpagado	3.2549661714932e-05	6.25973397369095e-05	0.000184433788270011
V152	3.23732970525015e-05	4.08202557515954e-05	0.000184433788270011
V79	3.22907933670314e-05	0.000132992153421837	0.000184433788270011
V100	3.2038826188829e-05	6.44747631655183e-05	0.000184433788270011
V100b	3.19355481308069e-05	0.000108681575594449	0.000184433788270011
mv_mconsumospesos	3.16315028347297e-05	0.000107561288256575	0.000368867576540022
V42b	3.05200464983777e-05	0.000102586801361794	0.000461084470675028
V43b	2.97411892744024e-05	7.76115882330376e-05	0.000184433788270011
V31	2.9224823723462e-05	0.000110577841776447	0.000276650682405017
V132i	2.8576370934736e-05	0.000102730691478585	9.22168941350055e-05
V146	2.72729550519252e-05	0.000403156125562778	9.22168941350055e-05
V117b	2.6880028560166e-05	0.000166364382651907	0.000184433788270011
V87	2.62943389812317e-05	0.00017518279123811	0.000276650682405017
cpagomiscuentas	2.5992182371386e-05	5.45960214567709e-05	9.22168941350055e-05
V61	2.5932057136233e-05	0.000172688695880396	0.000461084470675028
mvr_mconsumototal	2.58544672593242e-05	0.000137476728728495	9.22168941350055e-05
mv_mconsumototal	2.55097793150372e-05	6.06805178239411e-05	0.000184433788270011
V57	2.45273653951897e-05	7.63816703299891e-05	0.000184433788270011
Visa_msaldodolares	2.34313135752877e-05	0.000110803954817119	9.22168941350055e-05
Master_msaldodolares	2.18433886697817e-05	0.000185335609359793	0.000184433788270011
mvr_msaldodolares2	2.14083026881935e-05	4.07311809173914e-05	0.000184433788270011
V116b	2.14046967985773e-05	0.000133454657368665	0.000184433788270011
V116c	2.04193033752668e-05	0.000163854870495966	0.000645518258945039
matm	1.99180962921255e-05	0.000200142587568639	0.000184433788270011
V28	1.98471057686566e-05	0.000439657964833057	0.000276650682405017
ccajas_consultas	1.93600331165476e-05	0.000374379815182121	0.000184433788270011
cextraccion_autoservicio	1.87405064953298e-05	4.46693163757597e-05	9.22168941350055e-05
V139	1.8686257156554e-05	3.26253710048211e-05	9.22168941350055e-05
V122i	1.67617269570855e-05	0.000448894339948986	0.000368867576540022
V99	1.66924987822629e-05	0.000132867106058435	9.22168941350055e-05
V63	1.5913376404756e-05	8.59931875361243e-05	0.000276650682405017
V99b	1.50231077978236e-05	0.000105771226684589	9.22168941350055e-05
Master_cconsumos	1.42331654238365e-05	3.85796810758469e-05	9.22168941350055e-05
V35b	1.40930688858048e-05	7.09720871296728e-05	9.22168941350055e-05
V149	1.40113328015813e-05	0.000147917327083761	0.000368867576540022
V44b	1.33923772260348e-05	4.80079096808315e-05	9.22168941350055e-05
V135i	1.31368673922139e-05	0.000183713419590731	0.000184433788270011
Visa_msaldototal	1.22308469249293e-05	6.85019734580907e-05	0.000276650682405017
mcaja_ahorro_adicional	1.19110919961396e-05	0.000170268258558659	9.22168941350055e-05
V27	1.14254466187627e-05	8.89806204371224e-05	9.22168941350055e-05
V98	9.00572761409127e-06	8.85506630643296e-05	0.000276650682405017
mv_status07	8.76681314852882e-06	0.000100709377933185	9.22168941350055e-05
V32	8.63842563301687e-06	0.000101036556651127	9.22168941350055e-05
V154	8.6172353902477e-06	0.000190527644407342	9.22168941350055e-05
V20	7.95167418309196e-06	9.010775968532e-05	0.000184433788270011
Visa_mconsumototal	7.71688810523912e-06	5.56991790188367e-05	0.000276650682405017
V114b	7.35155662613507e-06	0.000126577052381563	9.22168941350055e-05
V17	7.00203933619066e-06	0.000459401744429905	0.000276650682405017
V140i	6.26016783144051e-06	0.000141759172680614	0.000368867576540022
mv_mpagado	4.7853172075682e-06	0.000101651515602651	9.22168941350055e-05
V115	4.3201469727425e-06	2.62942058660088e-05	0.000184433788270011
V79b	3.15215632954146e-06	0.000119368842721357	9.22168941350055e-05
V114	2.02962873227572e-06	0.000194536011946525	9.22168941350055e-05
Visa_msaldopesos	1.97238761074358e-06	1.28319150581285e-05	9.22168941350055e-05
V137i	1.85023995886934e-06	6.97695768679179e-05	9.22168941350055e-05
V48b	1.62339710913785e-06	3.98130249340571e-05	9.22168941350055e-05
V113b	5.03222262711217e-07	2.50745658284454e-05	9.22168941350055e-05
mvr_msaldodolares	2.94259116747169e-07	4.42119513616735e-05	9.22168941350055e-05
Visa_fultimo_cierre	5.73820564055626e-08	0.000199925039415871	9.22168941350055e-05
